EDPIM data for EDP10 - 5th-6th floor drift in radians
   15   40     (41g12.7)
   0.100       2.119E-03   1.731E-03   2.825E-03   1.833E-03   1.447E-03   1.106E-03   1.919E-03   1.564E-03   2.181E-03   1.456E-03   2.214E-03   1.819E-03   1.722E-03   1.892E-03   2.078E-03   2.078E-03   2.611E-03   3.056E-03   1.597E-03   2.739E-03   2.528E-03   1.653E-03   1.253E-03   1.628E-03   3.203E-03   3.203E-03   1.514E-03   3.467E-03   1.569E-03   1.756E-03   1.578E-03   3.356E-03   1.789E-03   1.536E-03   1.719E-03   2.436E-03   2.903E-03   2.808E-03   1.694E-03   2.756E-03
   0.200       4.881E-03   3.536E-03   5.169E-03   3.422E-03   2.794E-03   2.525E-03   3.497E-03   2.975E-03   5.111E-03   3.397E-03   7.833E-03   3.381E-03   4.500E-03   3.658E-03   4.217E-03   4.217E-03   4.661E-03   5.572E-03   3.217E-03   4.569E-03   4.406E-03   3.842E-03   3.394E-03   4.453E-03   6.333E-03   6.333E-03   3.092E-03   5.067E-03   3.792E-03   4.239E-03   3.461E-03   6.294E-03   4.008E-03   3.886E-03   3.181E-03   9.361E-03   7.744E-03   7.556E-03   3.192E-03   5.236E-03
   0.300       8.742E-03   6.364E-03   8.558E-03   6.172E-02   4.803E-03   5.214E-03   1.114E-02   6.789E-03   1.056E-02   4.222E-02   2.800E-02   6.586E-03   1.036E-02   5.022E-03   1.769E-02   1.769E-02   3.242E-02   8.031E-03   3.603E-02   8.483E-03   2.158E-02   6.947E-03   5.592E-03   6.947E-03   8.408E-03   8.408E-03   7.114E-03   7.614E-03   2.144E-02   1.057E-02   6.208E-03   5.542E-03   9.147E-03   5.119E-03   6.047E-03   2.369E-02   6.122E-02   1.717E-02   7.956E-03   2.425E-02
   0.400        0.00       1.061E-02   1.081E-02   6.953E-02   2.100E-02   2.328E-02   4.764E-02   9.900E-03   3.933E-02    0.00        0.00       6.339E-03   3.364E-02   7.764E-03   2.714E-02   2.714E-02   3.511E-02   1.162E-02   5.428E-02   1.056E-02   4.561E-02   1.139E-02    0.00       9.186E-03   8.814E-03   8.814E-03   7.839E-03   1.106E-02   3.592E-02   1.183E-02   6.181E-03   1.060E-02   9.428E-03   9.633E-03   1.011E-02   3.375E-02   2.919E-02   6.119E-02   9.917E-03   2.717E-02
   0.500        0.00       2.464E-02   2.475E-02   5.272E-02   9.417E-03   2.017E-02   3.167E-02   2.792E-02   2.719E-02    0.00        0.00       9.019E-03   3.142E-02   9.306E-03   3.806E-02   3.806E-02   5.500E-02   2.038E-02   3.767E-02   2.058E-02   4.267E-02   1.789E-02    0.00       1.395E-02   3.500E-02   3.500E-02   1.124E-02   1.893E-02   3.583E-02   2.308E-02   7.358E-03   1.097E-02   9.700E-03   1.116E-02   1.056E-02   4.994E-02   5.217E-02   5.525E-02   1.239E-02   3.278E-02
   0.600        0.00       2.306E-02   3.194E-02   5.203E-02   5.603E-02   2.758E-02   4.994E-02   4.144E-02   5.525E-02    0.00        0.00       9.564E-03   3.944E-02   1.050E-02   5.361E-02   5.361E-02    0.00        0.00        0.00       4.678E-02   5.889E-02   1.319E-02    0.00       1.553E-02   1.050E-02   1.050E-02   1.231E-02   4.956E-02    0.00       9.861E-03   8.322E-03   9.731E-03   1.074E-02   1.049E-02   1.077E-02   5.411E-02    0.00       5.325E-02   1.900E-02    0.00    
   0.700        0.00       3.556E-02   5.953E-02   4.997E-02    0.00       2.258E-02    0.00       2.208E-02   4.928E-02    0.00        0.00       1.094E-02   6.839E-02   2.583E-02   6.831E-02    0.00        0.00        0.00        0.00        0.00        0.00       1.221E-02    0.00       3.333E-02   1.953E-02   1.953E-02   1.072E-02   2.756E-02    0.00       1.219E-02   1.103E-02   1.331E-02   1.894E-02    0.00       1.089E-02    0.00        0.00       5.639E-02   1.328E-02    0.00    
   0.800        0.00       4.406E-02   5.833E-02   5.844E-02    0.00       3.506E-02    0.00       4.369E-02   3.847E-02    0.00        0.00       8.112E-03    0.00       3.972E-03   7.881E-02    0.00        0.00        0.00        0.00        0.00        0.00       1.333E-02    0.00        0.00       1.555E-02   1.555E-02   1.800E-02   2.781E-02    0.00       2.833E-02   1.106E-02    0.00       1.767E-02    0.00       1.116E-02    0.00        0.00       4.708E-02   1.058E-02    0.00    
   0.900        0.00       3.719E-02    0.00       6.164E-02    0.00       4.717E-02    0.00       3.294E-02    0.00        0.00        0.00        0.00        0.00       3.253E-02    0.00        0.00        0.00        0.00        0.00        0.00        0.00       1.644E-02    0.00        0.00       2.556E-02   2.556E-02   2.267E-02   4.421E-02    0.00       2.269E-02   1.283E-02    0.00       2.756E-02    0.00       1.228E-02    0.00        0.00       3.864E-02   2.019E-02    0.00    
    1.00        0.00       4.339E-02    0.00        0.00        0.00       3.872E-02    0.00       3.608E-02    0.00        0.00        0.00        0.00        0.00        0.00        0.00        0.00        0.00        0.00        0.00        0.00        0.00       2.539E-02    0.00        0.00       3.675E-02   3.675E-02   1.208E-02   4.547E-02    0.00       2.718E-02   1.433E-02    0.00       3.725E-02    0.00       9.917E-03    0.00        0.00       5.625E-02   1.764E-02    0.00    
    1.10        0.00        0.00        0.00        0.00        0.00        0.00        0.00       4.422E-02    0.00        0.00        0.00        0.00        0.00        0.00        0.00        0.00        0.00        0.00        0.00        0.00        0.00       1.720E-02    0.00        0.00        0.00        0.00       1.511E-02    0.00        0.00        0.00       3.467E-02    0.00       1.603E-02    0.00       1.072E-02    0.00        0.00       3.844E-02   1.831E-02    0.00    
    1.20        0.00        0.00        0.00        0.00        0.00        0.00        0.00       3.908E-02    0.00        0.00        0.00        0.00        0.00        0.00        0.00        0.00        0.00        0.00        0.00        0.00        0.00       1.431E-02    0.00        0.00        0.00        0.00       1.369E-02    0.00        0.00        0.00        0.00        0.00       3.183E-02    0.00       1.403E-02    0.00        0.00        0.00       1.711E-02    0.00    
    1.30        0.00        0.00        0.00        0.00        0.00        0.00        0.00       3.622E-02    0.00        0.00        0.00        0.00        0.00        0.00        0.00        0.00        0.00        0.00        0.00        0.00        0.00       2.983E-02    0.00        0.00        0.00        0.00       4.464E-02    0.00        0.00        0.00        0.00        0.00       2.606E-02    0.00       1.894E-02    0.00        0.00        0.00       2.228E-02    0.00    
    1.40        0.00        0.00        0.00        0.00        0.00        0.00        0.00       5.250E-02    0.00        0.00        0.00        0.00        0.00        0.00        0.00        0.00        0.00        0.00        0.00        0.00        0.00       1.103E-02    0.00        0.00        0.00        0.00       2.056E-02    0.00        0.00        0.00        0.00        0.00       2.764E-02    0.00       2.139E-02    0.00        0.00        0.00       3.403E-02    0.00    
    1.50        0.00        0.00        0.00        0.00        0.00        0.00        0.00        0.00        0.00        0.00        0.00        0.00        0.00        0.00        0.00        0.00        0.00        0.00        0.00        0.00        0.00       1.761E-02    0.00        0.00        0.00        0.00       2.433E-02    0.00        0.00        0.00        0.00        0.00       2.842E-02    0.00        0.00        0.00        0.00        0.00       3.539E-02    0.00    
