EDPIM data for EDP2 - 1st-2nd floor drift in radians
   15   40     (41g12.7)
   0.100       8.761E-04   7.467E-04   1.040E-03   8.006E-04   6.758E-04   5.022E-04   9.181E-04   6.356E-04   8.750E-04   6.731E-04   8.881E-04   7.775E-04   8.222E-04   8.297E-04   8.681E-04   8.681E-04   1.010E-03   1.022E-03   7.383E-04   9.411E-04   1.035E-03   6.619E-04   5.939E-04   7.031E-04   1.123E-03   1.123E-03   6.975E-04   1.058E-03   7.658E-04   8.194E-04   7.111E-04   1.076E-03   8.181E-04   6.686E-04   7.325E-04   9.636E-04   1.014E-03   9.925E-04   7.686E-04   1.038E-03
   0.200       1.565E-03   1.124E-03   1.752E-03   2.014E-03   1.009E-03   9.625E-04   1.764E-03   1.017E-03   1.517E-03   1.407E-03   2.306E-03   1.116E-03   1.695E-03   1.408E-03   1.181E-03   1.181E-03   2.233E-03   9.803E-04   1.537E-03   1.733E-03   1.651E-03   1.065E-03   1.153E-03   1.282E-03   1.204E-03   1.204E-03   1.242E-03   1.822E-03   2.286E-03   2.014E-03   1.145E-03   1.511E-03   1.534E-03   1.103E-03   1.116E-03   2.754E-03   1.201E-03   1.670E-03   1.356E-03   1.636E-03
   0.300       2.326E-03   2.030E-03   2.157E-03   1.890E-03   2.142E-03   2.615E-03   1.879E-03   1.356E-03   1.672E-03   2.503E-03   2.850E-03   1.592E-03   1.542E-03   1.666E-03   1.800E-03   1.800E-03   1.981E-03   1.428E-03   1.960E-03   2.389E-03   1.875E-03   1.099E-03   1.802E-03   1.087E-03   1.805E-03   1.805E-03   1.767E-03   1.432E-03   2.152E-03   2.584E-03   1.204E-03   1.576E-03   1.550E-03   1.045E-02   1.466E-03   2.319E-02   2.034E-03   2.241E-03   1.870E-03   1.855E-03
   0.400        0.00       2.511E-03   1.469E-02   2.922E-03   2.411E-03   2.480E-03   2.797E-03   2.236E-03   2.861E-03    0.00        0.00       1.032E-03   3.600E-02   2.066E-03   1.802E-03   1.802E-03   1.782E-03   2.356E-03   1.899E-03   1.357E-02   1.892E-03   1.830E-03    0.00       2.422E-03   2.658E-03   2.658E-03   1.688E-03   1.706E-03   4.075E-02   1.164E-02   1.230E-03   1.535E-03   1.415E-03   3.436E-03   1.624E-03   3.533E-02   2.298E-03   2.405E-03   2.101E-03   1.620E-03
   0.500        0.00       2.556E-02   2.420E-02   5.086E-02   3.531E-02   2.356E-03   3.469E-02   2.295E-03   2.233E-03    0.00        0.00       1.077E-03   2.911E-02   2.441E-03   2.063E-03   2.063E-03   2.539E-03   4.286E-02   2.393E-03   2.414E-03   2.225E-03   2.072E-03    0.00       1.400E-02   3.533E-02   3.533E-02   2.825E-03   2.068E-03   3.361E-02   2.944E-02   2.083E-03   1.879E-03   1.157E-03   2.989E-03   1.616E-03   5.408E-02   2.351E-03   2.249E-03   1.955E-03   1.770E-03
   0.600        0.00       2.547E-02   3.508E-02   5.092E-02   5.156E-02   3.822E-03   1.946E-03   2.467E-03   2.558E-03    0.00        0.00       1.773E-03   4.300E-02   1.374E-02   2.332E-03   2.332E-03    0.00        0.00        0.00       3.036E-03   2.967E-03   1.989E-03    0.00       3.239E-02   1.133E-02   1.133E-02   3.375E-03   1.444E-03    0.00       4.853E-02   2.329E-03   1.695E-03   1.318E-03   1.802E-03   2.437E-03   5.967E-02    0.00       5.506E-02   2.095E-03    0.00    
   0.700        0.00       4.061E-02   5.708E-02   4.692E-02    0.00       1.989E-02    0.00       2.100E-02   5.044E-02    0.00        0.00       1.187E-02   6.842E-02   2.346E-02   2.593E-03    0.00        0.00        0.00        0.00        0.00        0.00       1.778E-03    0.00       1.890E-02   3.058E-02   3.058E-02   1.400E-02   2.656E-03    0.00       4.397E-02   8.575E-03   2.012E-03   1.624E-03    0.00       2.436E-03    0.00        0.00       5.739E-02   2.423E-03    0.00    
   0.800        0.00       5.083E-02   5.872E-02   5.369E-02    0.00       2.839E-03    0.00       4.753E-02   3.939E-02    0.00        0.00       4.153E-02    0.00       4.814E-02   2.143E-03    0.00        0.00        0.00        0.00        0.00        0.00       2.591E-03    0.00        0.00       4.483E-02   4.483E-02   1.479E-02   2.262E-03    0.00       2.354E-02   1.723E-02    0.00       2.143E-03    0.00       3.219E-03    0.00        0.00       4.758E-02   1.724E-02    0.00    
   0.900        0.00       4.122E-02    0.00       6.150E-02    0.00       2.567E-03    0.00       3.569E-02    0.00        0.00        0.00        0.00        0.00       3.314E-02    0.00        0.00        0.00        0.00        0.00        0.00        0.00       3.733E-03    0.00        0.00       2.278E-02   2.278E-02   2.456E-03   5.553E-02    0.00       3.308E-02   1.662E-02    0.00       2.613E-03    0.00       2.994E-03    0.00        0.00       4.094E-02   1.895E-03    0.00    
    1.00        0.00       2.581E-03    0.00        0.00        0.00       2.468E-03    0.00       4.106E-02    0.00        0.00        0.00        0.00        0.00        0.00        0.00        0.00        0.00        0.00        0.00        0.00        0.00       1.696E-02    0.00        0.00       3.831E-02   3.831E-02   1.579E-02   3.442E-02    0.00       2.393E-02   2.420E-02    0.00       3.983E-02    0.00       9.119E-03    0.00        0.00       5.428E-02   2.148E-03    0.00    
    1.10        0.00        0.00        0.00        0.00        0.00        0.00        0.00       4.594E-02    0.00        0.00        0.00        0.00        0.00        0.00        0.00        0.00        0.00        0.00        0.00        0.00        0.00       2.282E-02    0.00        0.00        0.00        0.00       1.349E-02    0.00        0.00        0.00       3.608E-02    0.00       1.947E-02    0.00       1.453E-02    0.00        0.00       3.111E-02   2.376E-02    0.00    
    1.20        0.00        0.00        0.00        0.00        0.00        0.00        0.00       3.911E-02    0.00        0.00        0.00        0.00        0.00        0.00        0.00        0.00        0.00        0.00        0.00        0.00        0.00       2.411E-02    0.00        0.00        0.00        0.00       1.825E-02    0.00        0.00        0.00        0.00        0.00       3.308E-02    0.00       2.819E-03    0.00        0.00        0.00       2.380E-02    0.00    
    1.30        0.00        0.00        0.00        0.00        0.00        0.00        0.00       4.597E-02    0.00        0.00        0.00        0.00        0.00        0.00        0.00        0.00        0.00        0.00        0.00        0.00        0.00       2.808E-02    0.00        0.00        0.00        0.00       2.582E-03    0.00        0.00        0.00        0.00        0.00       2.770E-02    0.00       2.528E-03    0.00        0.00        0.00       1.846E-02    0.00    
    1.40        0.00        0.00        0.00        0.00        0.00        0.00        0.00       5.178E-02    0.00        0.00        0.00        0.00        0.00        0.00        0.00        0.00        0.00        0.00        0.00        0.00        0.00       4.000E-02    0.00        0.00        0.00        0.00       3.367E-03    0.00        0.00        0.00        0.00        0.00       2.619E-02    0.00       2.734E-03    0.00        0.00        0.00       2.917E-03    0.00    
    1.50        0.00        0.00        0.00        0.00        0.00        0.00        0.00        0.00        0.00        0.00        0.00        0.00        0.00        0.00        0.00        0.00        0.00        0.00        0.00        0.00        0.00       2.850E-02    0.00        0.00        0.00        0.00       2.267E-03    0.00        0.00        0.00        0.00        0.00       2.738E-02    0.00        0.00        0.00        0.00        0.00       3.258E-03    0.00    


 