EDPIM data for EDP1 - ground floor acc in g
   15   40     (41g12.7)
   0.100       9.621E-02   0.121       0.295       0.185       8.081E-02   0.121       0.156       0.116       0.125       0.137       0.139       0.135       8.495E-02   5.544E-02   9.933E-02   9.933E-02   0.159       0.197       0.131       7.607E-02   9.361E-02   0.136       8.370E-02   0.301       0.220       0.220       0.108       0.135       0.158       0.282       0.178       0.187       8.124E-02   0.279       0.142       0.277       0.259       0.108       7.594E-02   0.123    
   0.200       0.193       0.242       0.589       0.371       0.162       0.243       0.313       0.231       0.251       0.274       0.278       0.269       0.170       0.111       0.199       0.199       0.317       0.393       0.261       0.152       0.187       0.271       0.167       0.603       0.439       0.439       0.215       0.271       0.315       0.564       0.357       0.374       0.163       0.559       0.284       0.553       0.519       0.216       0.152       0.246    
   0.300       0.289       0.363       0.884       0.556       0.242       0.364       0.469       0.347       0.376       0.411       0.417       0.404       0.255       0.166       0.298       0.298       0.476       0.590       0.392       0.228       0.281       0.407       0.251       0.904       0.659       0.659       0.323       0.406       0.473       0.846       0.535       0.561       0.244       0.838       0.426       0.830       0.778       0.324       0.228       0.368    
   0.400        0.00       0.484        1.18       0.742       0.323       0.486       0.625       0.462       0.501        0.00        0.00       0.538       0.340       0.222       0.397       0.397       0.634       0.786       0.523       0.304       0.374       0.542        0.00        1.21       0.879       0.879       0.431       0.542       0.630        1.13       0.714       0.749       0.325        1.12       0.569        1.10        1.04       0.432       0.304       0.491    
   0.500        0.00       0.605        1.47       0.927       0.404       0.607       0.782       0.578       0.626        0.00        0.00       0.672       0.425       0.277       0.497       0.497       0.793       0.983       0.653       0.380       0.468       0.678        0.00        1.51        1.10        1.10       0.539       0.677       0.788        1.41       0.892       0.936       0.406        1.40       0.711        1.38        1.30       0.540       0.380       0.614    
   0.600        0.00       0.726        1.77        1.11       0.485       0.729       0.939       0.693       0.751        0.00        0.00       0.807       0.510       0.333       0.596       0.596        0.00        0.00        0.00       0.456       0.562       0.814        0.00        1.81        1.32        1.32       0.646       0.813        0.00        1.69        1.07        1.12       0.488        1.68       0.853        1.66        0.00       0.649       0.456        0.00    
   0.700        0.00       0.847        2.06        1.30        0.00       0.850        0.00       0.809       0.877        0.00        0.00       0.941       0.595       0.388       0.695        0.00        0.00        0.00        0.00        0.00        0.00       0.949        0.00        2.11        1.54        1.54       0.754       0.948        0.00        1.98        1.25        1.31       0.569        0.00       0.995        0.00        0.00       0.757       0.532        0.00    
   0.800        0.00       0.968        2.36        1.48        0.00       0.972        0.00       0.924        1.00        0.00        0.00        1.07        0.00       0.444       0.794        0.00        0.00        0.00        0.00        0.00        0.00        1.08        0.00        0.00        1.76        1.76       0.862        1.08        0.00        2.26        1.43        0.00       0.650        0.00        1.14        0.00        0.00       0.865       0.608        0.00    
   0.900        0.00        1.09        0.00        1.67        0.00        1.09        0.00        1.04        0.00        0.00        0.00        0.00        0.00       0.499        0.00        0.00        0.00        0.00        0.00        0.00        0.00        1.22        0.00        0.00        1.98        1.98       0.970        1.22        0.00        2.54        1.61        0.00       0.731        0.00        1.28        0.00        0.00       0.973       0.683        0.00    
    1.00        0.00        1.21        0.00        0.00        0.00        1.22        0.00        1.16        0.00        0.00        0.00        0.00        0.00        0.00        0.00        0.00        0.00        0.00        0.00        0.00        0.00        1.36        0.00        0.00        2.20        2.20        1.08        1.35        0.00        2.82        1.78        0.00       0.812        0.00        1.42        0.00        0.00        1.08       0.759        0.00    
    1.10        0.00        0.00        0.00        0.00        0.00        0.00        0.00        1.27        0.00        0.00        0.00        0.00        0.00        0.00        0.00        0.00        0.00        0.00        0.00        0.00        0.00        1.49        0.00        0.00        0.00        0.00        1.19        0.00        0.00        0.00        1.96        0.00       0.894        0.00        1.56        0.00        0.00        1.19       0.835        0.00    
    1.20        0.00        0.00        0.00        0.00        0.00        0.00        0.00        1.39        0.00        0.00        0.00        0.00        0.00        0.00        0.00        0.00        0.00        0.00        0.00        0.00        0.00        1.63        0.00        0.00        0.00        0.00        1.29        0.00        0.00        0.00        0.00        0.00       0.975        0.00        1.71        0.00        0.00        0.00       0.911        0.00    
    1.30        0.00        0.00        0.00        0.00        0.00        0.00        0.00        1.50        0.00        0.00        0.00        0.00        0.00        0.00        0.00        0.00        0.00        0.00        0.00        0.00        0.00        1.76        0.00        0.00        0.00        0.00        1.40        0.00        0.00        0.00        0.00        0.00        1.06        0.00        1.85        0.00        0.00        0.00       0.987        0.00    
    1.40        0.00        0.00        0.00        0.00        0.00        0.00        0.00        1.62        0.00        0.00        0.00        0.00        0.00        0.00        0.00        0.00        0.00        0.00        0.00        0.00        0.00        1.90        0.00        0.00        0.00        0.00        1.51        0.00        0.00        0.00        0.00        0.00        1.14        0.00        1.99        0.00        0.00        0.00        1.06        0.00    
    1.50        0.00        0.00        0.00        0.00        0.00        0.00        0.00        0.00        0.00        0.00        0.00        0.00        0.00        0.00        0.00        0.00        0.00        0.00        0.00        0.00        0.00        2.04        0.00        0.00        0.00        0.00        1.62        0.00        0.00        0.00        0.00        0.00        1.22        0.00        0.00        0.00        0.00        0.00        1.14        0.00    
