EDPIM data for EDP21 - roof floor acc in g
   15   40     (41g12.7)
   0.100       0.170       0.150       0.273       0.216       0.131       0.133       0.215       0.159       0.219       0.128       0.213       0.170       0.207       0.160       0.169       0.169       0.237       0.237       0.146       0.246       0.190       0.184       0.130       0.254       0.224       0.224       0.162       0.244       0.190       0.308       0.201       0.220       0.154       0.257       0.160       0.248       0.264       0.207       0.172       0.243    
   0.200       0.231       0.256       0.475       0.300       0.260       0.266       0.385       0.310       0.289       0.232       0.286       0.342       0.324       0.239       0.233       0.233       0.290       0.364       0.273       0.212       0.213       0.321       0.264       0.405       0.418       0.418       0.321       0.268       0.331       0.490       0.296       0.349       0.256       0.411       0.320       0.497       0.368       0.294       0.264       0.264    
   0.300       0.314       0.299       0.513       0.440       0.313       0.314       0.518       0.414       0.357       0.324       0.342       0.381       0.321       0.239       0.495       0.495       0.393       0.400       0.331       0.272       0.341       0.443       0.210       0.514       0.554       0.554       0.328       0.351       0.496       0.573       0.410       0.437       0.355       0.354       0.496       0.682       0.668       0.610       0.331       0.441    
   0.400        0.00       0.387       0.472       0.514       0.321       0.419       0.654       0.459       0.409        0.00        0.00       0.475       0.514       0.297       0.599       0.599       0.461       0.441       0.388       0.234       0.471       0.506        0.00       0.535       0.502       0.502       0.425       0.398       0.525       0.557       0.497       0.521       0.422       0.478       0.586       0.670       0.421       0.329       0.368       0.620    
   0.500        0.00       0.364       0.559       0.544       0.620       0.483       0.688       0.435       0.498        0.00        0.00       0.501       0.481       0.307       0.788       0.788       0.540       0.449       0.564       0.447       0.427       0.514        0.00       0.595       0.565       0.565       0.503       0.398       0.749       0.566       0.517       0.512       0.480       0.463       0.624       0.793       0.428       0.340       0.372       0.580    
   0.600        0.00       0.463       0.651       0.622       0.554       0.615       0.722       0.511       0.665        0.00        0.00       0.568       0.308       0.231       0.332       0.332        0.00        0.00        0.00       0.669       0.638       0.542        0.00       0.752       0.542       0.542       0.528       0.629        0.00       0.579       0.624       0.548       0.439       0.491       0.639       0.860        0.00       0.555       0.619        0.00    
   0.700        0.00       0.466       0.453       0.663        0.00       0.555        0.00       0.655       0.353        0.00        0.00       0.626       0.381       0.463       0.385        0.00        0.00        0.00        0.00        0.00        0.00       0.568        0.00       0.577       0.533       0.533       0.528       0.814        0.00       0.638       0.715       0.494       0.455        0.00       0.747        0.00        0.00       0.429       0.488        0.00    
   0.800        0.00       0.500       0.536       0.722        0.00       0.559        0.00       0.459       0.399        0.00        0.00       0.713        0.00       0.293       0.354        0.00        0.00        0.00        0.00        0.00        0.00       0.576        0.00        0.00       0.592       0.592       0.586       0.699        0.00       0.695       0.565        0.00       0.523        0.00       0.618        0.00        0.00       0.444       0.434        0.00    
   0.900        0.00       0.502        0.00       0.811        0.00       0.570        0.00       0.484        0.00        0.00        0.00        0.00        0.00       0.751        0.00        0.00        0.00        0.00        0.00        0.00        0.00       0.516        0.00        0.00       0.618       0.618       0.627       0.429        0.00       0.705       0.506        0.00       0.591        0.00       0.597        0.00        0.00       0.570       0.463        0.00    
    1.00        0.00       0.456        0.00        0.00        0.00       0.622        0.00       0.499        0.00        0.00        0.00        0.00        0.00        0.00        0.00        0.00        0.00        0.00        0.00        0.00        0.00       0.579        0.00        0.00       0.638       0.638       0.691       0.523        0.00       0.602       0.553        0.00       0.641        0.00       0.600        0.00        0.00       0.445       0.528        0.00    
    1.10        0.00        0.00        0.00        0.00        0.00        0.00        0.00       0.554        0.00        0.00        0.00        0.00        0.00        0.00        0.00        0.00        0.00        0.00        0.00        0.00        0.00       0.578        0.00        0.00        0.00        0.00       0.683        0.00        0.00        0.00       0.509        0.00       0.497        0.00       0.625        0.00        0.00       0.744       0.564        0.00    
    1.20        0.00        0.00        0.00        0.00        0.00        0.00        0.00       0.512        0.00        0.00        0.00        0.00        0.00        0.00        0.00        0.00        0.00        0.00        0.00        0.00        0.00       0.583        0.00        0.00        0.00        0.00       0.721        0.00        0.00        0.00        0.00        0.00       0.509        0.00       0.648        0.00        0.00        0.00       0.619        0.00    
    1.30        0.00        0.00        0.00        0.00        0.00        0.00        0.00       0.760        0.00        0.00        0.00        0.00        0.00        0.00        0.00        0.00        0.00        0.00        0.00        0.00        0.00       0.680        0.00        0.00        0.00        0.00       0.730        0.00        0.00        0.00        0.00        0.00       0.569        0.00       0.674        0.00        0.00        0.00       0.630        0.00    
    1.40        0.00        0.00        0.00        0.00        0.00        0.00        0.00       0.605        0.00        0.00        0.00        0.00        0.00        0.00        0.00        0.00        0.00        0.00        0.00        0.00        0.00       0.680        0.00        0.00        0.00        0.00       0.716        0.00        0.00        0.00        0.00        0.00       0.568        0.00       0.695        0.00        0.00        0.00       0.648        0.00    
    1.50        0.00        0.00        0.00        0.00        0.00        0.00        0.00        0.00        0.00        0.00        0.00        0.00        0.00        0.00        0.00        0.00        0.00        0.00        0.00        0.00        0.00       0.602        0.00        0.00        0.00        0.00       0.726        0.00        0.00        0.00        0.00        0.00       0.565        0.00        0.00        0.00        0.00        0.00       0.670        0.00    

 