EDPIM data for EDP17 - 9th floor acc in g
   15   40     (41g12.7)
   0.100       0.144       0.124       0.185       0.174       0.110       9.294E-02   0.143       0.148       0.162       0.123       0.156       0.127       0.160       0.139       0.135       0.135       0.161       0.184       0.115       0.178       0.162       0.131       0.104       0.163       0.219       0.219       0.123       0.216       0.126       0.201       0.144       0.180       0.131       0.153       0.134       0.232       0.187       0.161       0.122       0.218    
   0.200       0.224       0.190       0.332       0.250       0.179       0.175       0.246       0.258       0.225       0.209       0.199       0.192       0.241       0.190       0.210       0.210       0.238       0.247       0.189       0.214       0.198       0.298       0.179       0.290       0.241       0.241       0.212       0.207       0.229       0.310       0.287       0.247       0.192       0.291       0.247       0.454       0.301       0.255       0.192       0.248    
   0.300       0.252       0.235       0.426       0.404       0.250       0.201       0.294       0.335       0.222       0.527       0.372       0.221       0.257       0.215       0.518       0.518       0.316       0.255       0.449       0.272       0.678       0.326       0.226       0.331       0.573       0.573       0.263       0.203       0.346       0.366       0.364       0.299       0.255       0.243       0.344       0.545       0.758       0.402       0.208       0.754    
   0.400        0.00       0.245       0.389       0.493       0.280       0.305       0.655       0.363       0.374        0.00        0.00       0.306       0.645       0.273       0.377       0.377       0.382       0.363       0.348       0.253       0.403       0.306        0.00       0.505       0.524       0.524       0.305       0.270       0.391       0.454       0.448       0.397       0.305       0.410       0.443       0.654       0.353       0.533       0.311       0.385    
   0.500        0.00       0.442       0.603       0.391       0.638       0.308       0.368       0.365       0.454        0.00        0.00       0.361       0.342       0.280       0.520       0.520       0.409       0.430       0.383       0.654       0.404       0.445        0.00       0.442       0.355       0.355       0.386       0.266       0.777       0.532       0.506       0.364       0.251       0.418       0.451       0.709       0.593       0.537       0.311       0.682    
   0.600        0.00       0.505       0.407       0.468       0.523       0.373       0.653       0.395       0.480        0.00        0.00       0.641       0.606       0.245       0.395       0.395        0.00        0.00        0.00       0.611       0.411       0.533        0.00       0.423       0.348       0.348       0.401       0.640        0.00       0.559       0.478       0.365       0.233       0.432       0.478       0.771        0.00       0.511       0.561        0.00    
   0.700        0.00       0.370       0.788       0.554        0.00       0.410        0.00       0.453       0.508        0.00        0.00       0.444       0.726       0.550       0.511        0.00        0.00        0.00        0.00        0.00        0.00       0.413        0.00       0.499       0.606       0.606       0.387       0.291        0.00       0.418       0.466       0.388       0.729        0.00       0.584        0.00        0.00       0.277       0.290        0.00    
   0.800        0.00       0.490       0.494       0.637        0.00       0.694        0.00       0.462       0.450        0.00        0.00       0.507        0.00       0.453       0.246        0.00        0.00        0.00        0.00        0.00        0.00       0.509        0.00        0.00       0.675       0.675       0.458       0.388        0.00       0.605       0.481        0.00       0.346        0.00       0.522        0.00        0.00       0.294       0.344        0.00    
   0.900        0.00       0.546        0.00       0.656        0.00       0.671        0.00       0.565        0.00        0.00        0.00        0.00        0.00       0.434        0.00        0.00        0.00        0.00        0.00        0.00        0.00       0.393        0.00        0.00       0.663       0.663       0.396       0.573        0.00       0.531       0.454        0.00       0.388        0.00       0.623        0.00        0.00       0.691       0.639        0.00    
    1.00        0.00       0.468        0.00        0.00        0.00       0.523        0.00       0.422        0.00        0.00        0.00        0.00        0.00        0.00        0.00        0.00        0.00        0.00        0.00        0.00        0.00       0.498        0.00        0.00       0.410       0.410       0.390       0.781        0.00       0.458       0.490        0.00       0.478        0.00       0.525        0.00        0.00       0.370       0.457        0.00    
    1.10        0.00        0.00        0.00        0.00        0.00        0.00        0.00       0.561        0.00        0.00        0.00        0.00        0.00        0.00        0.00        0.00        0.00        0.00        0.00        0.00        0.00       0.558        0.00        0.00        0.00        0.00       0.416        0.00        0.00        0.00       0.513        0.00       0.305        0.00       0.501        0.00        0.00       0.704       0.646        0.00    
    1.20        0.00        0.00        0.00        0.00        0.00        0.00        0.00       0.734        0.00        0.00        0.00        0.00        0.00        0.00        0.00        0.00        0.00        0.00        0.00        0.00        0.00       0.610        0.00        0.00        0.00        0.00       0.519        0.00        0.00        0.00        0.00        0.00       0.365        0.00       0.555        0.00        0.00        0.00       0.511        0.00    
    1.30        0.00        0.00        0.00        0.00        0.00        0.00        0.00       0.494        0.00        0.00        0.00        0.00        0.00        0.00        0.00        0.00        0.00        0.00        0.00        0.00        0.00       0.496        0.00        0.00        0.00        0.00       0.586        0.00        0.00        0.00        0.00        0.00       0.683        0.00       0.592        0.00        0.00        0.00       0.535        0.00    
    1.40        0.00        0.00        0.00        0.00        0.00        0.00        0.00       0.520        0.00        0.00        0.00        0.00        0.00        0.00        0.00        0.00        0.00        0.00        0.00        0.00        0.00       0.997        0.00        0.00        0.00        0.00       0.549        0.00        0.00        0.00        0.00        0.00       0.773        0.00       0.562        0.00        0.00        0.00       0.557        0.00    
    1.50        0.00        0.00        0.00        0.00        0.00        0.00        0.00        0.00        0.00        0.00        0.00        0.00        0.00        0.00        0.00        0.00        0.00        0.00        0.00        0.00        0.00       0.522        0.00        0.00        0.00        0.00       0.570        0.00        0.00        0.00        0.00        0.00       0.374        0.00        0.00        0.00        0.00        0.00       0.602        0.00    


 