EDPIM data for EDP5 - 3rd floor acc in g
   15   40     (41g12.7)
   0.100       0.107       0.105       0.247       0.180       8.927E-02   0.104       0.176       0.132       0.156       0.112       0.200       0.187       9.784E-02   7.288E-02   8.247E-02   8.247E-02   0.143       0.175       0.118       9.045E-02   8.543E-02   0.104       9.513E-02   0.249       0.239       0.239       0.119       0.140       0.136       0.252       0.237       0.185       9.567E-02   0.219       0.215       0.236       0.245       0.109       8.748E-02   0.131    
   0.200       0.213       0.215       0.500       0.331       0.180       0.208       0.352       0.287       0.235       0.224       0.263       0.374       0.230       0.131       0.182       0.182       0.350       0.377       0.237       0.166       0.161       0.306       0.165       0.527       0.546       0.546       0.238       0.244       0.295       0.700       0.367       0.394       0.191       0.565       0.430       0.502       0.416       0.246       0.175       0.233    
   0.300       0.320       0.368       0.785       0.820       0.301       0.273       0.465       0.429       0.610        1.11       0.578       0.561       0.549       0.190       0.310       0.310       0.831       0.657       0.826       0.230        1.14       0.469       0.248       0.948       0.792       0.792       0.345       0.354       0.485       0.722       0.718       0.642       0.273       0.548       0.634       0.896       0.871       0.815       0.261       0.603    
   0.400        0.00       0.665       0.977       0.941       0.493       0.507       0.616       0.509       0.778        0.00        0.00       0.745       0.518       0.286       0.644       0.644       0.878       0.837       0.709       0.306       0.657       0.628        0.00        1.07       0.872       0.872       0.416       0.604       0.600       0.951       0.931       0.729       0.324        1.07       0.759        1.24       0.732       0.721       0.347       0.539    
   0.500        0.00       0.699       0.915       0.782       0.862       0.961       0.744       0.756        1.10        0.00        0.00       0.888       0.402       0.436       0.762       0.762        1.31        1.08       0.787       0.408       0.403       0.759        0.00        1.19        1.08        1.08       0.528       0.893       0.701        1.00        1.22        1.19       0.387        1.24       0.911        1.23        1.02        1.64       0.381        1.29    
   0.600        0.00       0.981        1.13        1.14       0.479       0.667        1.00       0.994        1.27        0.00        0.00       0.899       0.612       0.327        1.06        1.06        0.00        0.00        0.00        1.11       0.511        1.15        0.00        1.68       0.914       0.914       0.740        1.38        0.00        1.08        1.25        1.21       0.481        1.33       0.922        1.45        0.00       0.876       0.758        0.00    
   0.700        0.00       0.961       0.957        1.09        0.00       0.680        0.00       0.642       0.772        0.00        0.00       0.888       0.637       0.779        1.36        0.00        0.00        0.00        0.00        0.00        0.00       0.943        0.00        1.48        1.40        1.40       0.700        1.32        0.00        1.29        1.42        1.41        1.40        0.00        1.02        0.00        0.00       0.797       0.832        0.00    
   0.800        0.00       0.860        1.54        1.24        0.00       0.883        0.00       0.863       0.741        0.00        0.00       0.952        0.00       0.658        1.03        0.00        0.00        0.00        0.00        0.00        0.00        2.50        0.00        0.00        1.79        1.79       0.885        1.20        0.00        1.63        1.19        0.00       0.712        0.00       0.953        0.00        0.00       0.689       0.637        0.00    
   0.900        0.00       0.942        0.00        1.39        0.00       0.963        0.00       0.909        0.00        0.00        0.00        0.00        0.00       0.832        0.00        0.00        0.00        0.00        0.00        0.00        0.00        1.21        0.00        0.00        1.56        1.56       0.921        1.10        0.00        1.40        1.17        0.00       0.987        0.00        1.13        0.00        0.00        1.18        1.14        0.00    
    1.00        0.00        1.85        0.00        0.00        0.00        1.02        0.00        1.03        0.00        0.00        0.00        0.00        0.00        0.00        0.00        0.00        0.00        0.00        0.00        0.00        0.00        1.65        0.00        0.00        1.38        1.38       0.965        1.00        0.00        1.57        1.27        0.00       0.940        0.00        1.25        0.00        0.00       0.960       0.796        0.00    
    1.10        0.00        0.00        0.00        0.00        0.00        0.00        0.00        1.24        0.00        0.00        0.00        0.00        0.00        0.00        0.00        0.00        0.00        0.00        0.00        0.00        0.00        1.33        0.00        0.00        0.00        0.00        1.23        0.00        0.00        0.00        1.34        0.00       0.710        0.00       0.970        0.00        0.00       0.920       0.901        0.00    
    1.20        0.00        0.00        0.00        0.00        0.00        0.00        0.00        1.18        0.00        0.00        0.00        0.00        0.00        0.00        0.00        0.00        0.00        0.00        0.00        0.00        0.00        1.33        0.00        0.00        0.00        0.00        1.03        0.00        0.00        0.00        0.00        0.00       0.748        0.00        1.68        0.00        0.00        0.00       0.855        0.00    
    1.30        0.00        0.00        0.00        0.00        0.00        0.00        0.00        1.17        0.00        0.00        0.00        0.00        0.00        0.00        0.00        0.00        0.00        0.00        0.00        0.00        0.00        1.53        0.00        0.00        0.00        0.00        1.35        0.00        0.00        0.00        0.00        0.00        1.01        0.00        1.58        0.00        0.00        0.00       0.770        0.00    
    1.40        0.00        0.00        0.00        0.00        0.00        0.00        0.00        1.27        0.00        0.00        0.00        0.00        0.00        0.00        0.00        0.00        0.00        0.00        0.00        0.00        0.00        1.45        0.00        0.00        0.00        0.00        1.42        0.00        0.00        0.00        0.00        0.00       0.826        0.00        1.82        0.00        0.00        0.00        1.92        0.00    
    1.50        0.00        0.00        0.00        0.00        0.00        0.00        0.00        0.00        0.00        0.00        0.00        0.00        0.00        0.00        0.00        0.00        0.00        0.00        0.00        0.00        0.00        1.68        0.00        0.00        0.00        0.00        1.46        0.00        0.00        0.00        0.00        0.00       0.933        0.00        0.00        0.00        0.00        0.00        2.06        0.00    

 