IM-Rate data for Christchurch Sa=1.5 seconds
   50            (2G10.3)         1
   0.00013     0.633
   0.00016     0.633
    0.0002     0.632
   0.00025     0.629
   0.00032     0.624
    0.0004     0.617
    0.0005     0.606
   0.00063     0.589
   0.00079     0.567
     0.001     0.536
   0.00126       0.5
   0.00158     0.459
     0.002     0.413
   0.00251     0.365
   0.00316     0.318
   0.00398     0.272
   0.00501      0.23
   0.00631     0.192
   0.00794      0.16
      0.01     0.132
    0.0126     0.108
    0.0159    0.0878
    0.0199    0.0704
    0.0251    0.0553
    0.0316    0.0422
    0.0398    0.0311
    0.0501    0.0218
    0.0631    0.0145
    0.0794   0.00915
       0.1   0.00542
     0.126   0.00301
     0.158   0.00156
       0.2  0.000757
     0.251  0.000342
     0.316  0.000143
     0.398  5.57e-05
     0.501  2.01e-05
     0.631  6.73e-06
     0.794   2.1e-06
         1  6.11e-07
      1.26  1.66e-07
      1.58  4.24e-08
         2  1.01e-08
      2.51  2.24e-09
      3.16  4.58e-10
      3.98  8.64e-11
      5.01  1.49e-11
      6.31  2.35e-12
      7.94  3.38e-13
        10  4.39e-14
