RedBook Building (10 Storey 2D Frame) - EDP|IM Data for -EDP16 / Peak Inter-Storey Drift Ratio / Floor8
   11   40           (41g12.7)
     0.02082    0.127653   0.0962802      0.1031    0.064499    0.088231   0.0868035   0.0626461   0.0628904    0.042129    0.062142    0.103028   0.0499204    0.194751   0.0923776   0.0561733   0.0577611   0.0455961   0.0524965   0.0384448    0.101396   0.0471344   0.0511223    0.125976    0.116085   0.0368063   0.0271922   0.0569249   0.0463092   0.0182686   0.0287918   0.0641186   0.0937919   0.0484293   0.0573716   0.0704319   0.0488399    0.171728    0.112031   0.0591573    0.104548
     0.05283    0.164962    0.106219    0.132723     0.12287    0.180218    0.232488    0.295536    0.145373    0.183674    0.173585    0.243259    0.141624    0.206705    0.184624    0.131444    0.163648    0.101674   0.0906023    0.178721    0.173389    0.180046    0.171735    0.135313    0.142667     0.13056    0.126263    0.130005    0.136509    0.167436    0.145695    0.161427    0.175534    0.114966     0.14471    0.137223    0.130575    0.185476    0.205716    0.212943    0.344171
     0.08703    0.165245    0.151586    0.179744   0.0800201    0.195226    0.158885    0.150103    0.138007    0.307249    0.220452    0.193501    0.259929    0.234996    0.192293    0.168877     0.21667    0.171007    0.142823    0.209463    0.134155    0.215286     0.21191    0.155341    0.199008    0.128911    0.185805    0.307249    0.220452    0.133661    0.144116    0.239573     0.19994    0.171461    0.137192    0.176358    0.161842    0.248579    0.221758    0.233711    0.249683
     0.14369    0.191502    0.232231    0.257188    0.314093    0.222836    0.293221    0.180382     0.13845    0.175841    0.147544    0.185712    0.207667    0.197276    0.210562    0.311874    0.354648    0.195065    0.291612    0.235722    0.255581     0.16253    0.188222    0.315142    0.306531    0.302692    0.211083       0.366    0.176025    0.359887    0.327503    0.209034    0.298357    0.249817    0.192199    0.224051    0.172445    0.240361    0.197703    0.288573     0.18124
     0.18869    0.200774     0.17504    0.250497    0.290582    0.247433    0.391622    0.238406    0.263717    0.212427     0.20633    0.350897    0.205967    0.625377    0.205974    0.293866    0.230576    0.250118    0.221909    0.195351    0.179026    0.186842    0.202994    0.519439    0.346434    0.230808    0.298129    0.182321    0.214565    0.325914     0.31123    0.777039    0.366143    0.373316    0.386484    0.294146    0.251645    0.200378    0.202571    0.181863    0.185004
     0.23779    0.345527    0.297593    0.254893    0.328532    0.345527    0.297593    0.291369    0.212189    0.251532           0     0.55983    0.284431           0    0.247257     0.32578    0.654852    0.240383    0.246581    0.203162    0.189846    0.501584    0.398648    0.269982    0.265023    0.193437    0.190254    0.235094    0.261837    0.170981    0.215598    0.500459     0.33118    0.224881    0.239288    0.337797    0.269142    0.294329     0.18479    0.246313    0.295911
     0.31139    0.335152     0.36743      0.4178    0.440936    0.235911    0.195978    0.325574    0.355459    0.275601           0    0.243784    0.278056     0.33657    0.544446    0.241583    0.229515    0.332395     0.27159    0.312969           0           0           0    0.286268    0.306615     0.28146    0.357669    0.419176    0.285002    0.213989    0.202321    0.395224    0.412944    0.394757           0    0.339066     0.31389    0.204202    0.259539     0.30079    0.247199
     0.37348    0.378738    0.376976    0.276504    0.254399    0.317532    0.344177    0.276504    0.254399    0.240813           0    0.403191    0.462711    0.300176    0.423664      0.5435    0.607018    0.364509    0.402179    0.281629    0.273698    0.417607     0.33253    0.749773           0    0.237687    0.210381           0    0.292472           0           0    0.288689    0.351443    0.283074    0.429672    0.308882      0.3382    0.360994    0.433055     1.17277    0.402429
       0.443    0.772267    0.446722    0.296907     0.29441    0.293799      0.3242           0           0    0.425191    0.426178    0.711417    0.357444    0.413683    0.679435    0.387792           0    0.289714    0.334294    0.393795           0     0.25558    0.395856     0.31973    0.455369    0.226896    0.385797    0.611204           0    0.221749    0.285693           0    0.379532     0.25558    0.395856    0.355967    0.417061           0           0    0.230499    0.369174
     0.54637    0.387743    0.476571    0.518128    0.446035    0.575935    0.526203     0.68851           0    0.801088           0    0.258865     0.37569    0.282744    0.269905    0.707317    0.348672    0.663169           0    0.228511    0.384548           0    0.396403    0.466806           0    0.268076    0.372849    0.867917           0           0    0.320468    0.415597           0    0.519626           0           0           0     0.65367    0.543207           0           0
     0.63531     1.15702    0.488007     0.63219           0    0.741302           0    0.515322           0      1.4598    0.659633           0    0.569537    0.621128    0.342417    0.794328    0.467647    0.349319    0.745319     1.01001           0    0.995655    0.481629    0.563538           0    0.349319    0.745319           0           0     0.46733    0.438114           0       1.273           0           0    0.251292    0.517921    0.669156           0    0.260279    0.435734
