RedBook Building (10 Storey 2D Frame) - EDP|IM Data for -EDP7 / Peak Horizontal Floor Acceleration / Floor3
   11   40           (41g12.7)
     0.02082  0.09027928  0.09031307   0.1437243   0.1078581  0.06931175  0.08176751  0.04029546  0.03950925  0.02945173  0.04118494   0.1376967  0.06463502   0.1564832  0.08684271  0.03879638  0.04357681  0.02502584  0.02375005  0.02442913  0.04912263  0.02012401  0.01982365   0.2221251   0.2367095  0.01572092   0.0144869  0.04771998  0.04369804 0.007787992   0.0087787  0.05527245  0.06743359  0.02059034  0.02412561   0.1022015   0.0638475   0.1442018    0.110869  0.04586149  0.07057816
     0.05283   0.1392273  0.08264569   0.1125025  0.07940711   0.1950296    0.141158   0.1609307  0.08359562    0.116775   0.1493412   0.1590469   0.1798293   0.1780311   0.1595015   0.1213208  0.09653349  0.04622729  0.06525971   0.1801613   0.1378721    0.108949   0.1184717  0.06639424  0.06668053  0.05714924  0.06748326  0.07880872    0.058884  0.09302446  0.06680714   0.1776667   0.2169424  0.04931162  0.06015161  0.05632235  0.05669704   0.1451557   0.1575724   0.1723606   0.2567671
     0.08703  0.07292296  0.06246797   0.1467232  0.05499246   0.1140471   0.1132169  0.07654455  0.05904694   0.2253519   0.2024918   0.1867446   0.2144623   0.1274281   0.1411221  0.08081483   0.1580782   0.0780252  0.06434743   0.1190107   0.1075183   0.1629862   0.1697169  0.08294602   0.1191822  0.07448022  0.07865003   0.2253519   0.2024918  0.07688484  0.06412661   0.2260278   0.2095133   0.1037645   0.1132031   0.1321807   0.1687406   0.1642928   0.1407612   0.2039274   0.1870428
     0.14369   0.1711631   0.1462604   0.1749572   0.1553998   0.1709251   0.1790538  0.08933124  0.05660359   0.1088318  0.09190836  0.08541845  0.09495382   0.1269656   0.1340739   0.2151577   0.2328058     0.14233   0.1901318   0.1220568   0.1519615  0.07225362  0.07644388   0.2159495   0.2679396   0.1801259   0.1480428   0.2385793   0.1794564    0.267985   0.2439666    0.114818   0.1391802   0.1108211  0.09932757  0.09337834   0.0754264   0.1642003  0.09698303    0.250261   0.2402997
     0.18869  0.08679284  0.09295227   0.1865306   0.2936131   0.2347176   0.3949628   0.1567602   0.1463642   0.1287074   0.1221832   0.2307622   0.1386244   0.2611328    0.108263   0.1821175   0.1444689   0.2385112   0.2504878  0.09240194   0.1241284  0.08987732     0.12171   0.2843746   0.2822666   0.1769518   0.1328211  0.08450856  0.09373912   0.1547643   0.1372388    0.648447   0.4657217   0.2375031   0.2509317   0.1634052   0.1420507    0.101934   0.1355576    0.076946  0.09231593
     0.23779   0.1509376    0.179656   0.1899312   0.2575533   0.1509376    0.179656   0.1620989     0.13354   0.3240872           0   0.3183953   0.1817207           0   0.1796305   0.4821853   0.5017436   0.1606814   0.1525815  0.09400341   0.1180668   0.2644332   0.3101539   0.1770344   0.1307686   0.1192745   0.1316779   0.2039462   0.1884735   0.1507813   0.1959258   0.6172513    0.473329   0.1465451   0.1223626   0.6861045   0.4716814   0.3786952   0.2708614   0.1532133     0.17046
     0.31139   0.2532245   0.1983925   0.2762151   0.3686547   0.1133099  0.08889888   0.1753978   0.2259146     0.12983           0   0.1611557   0.1636409   0.2145354   0.2943583   0.1397719   0.1230851   0.2543002    1.497673   0.2113853           0           0           0   0.1717722     0.20296   0.2497444   0.2185729   0.3703858   0.2989516  0.09227141  0.09371351   0.2370392   0.1591343    0.222907           0   0.1817663    0.185515   0.1071096   0.1450872   0.1999442   0.1388563
     0.37348   0.9435403    0.254053   0.1655849   0.1400736    0.209581   0.2145433   0.1655849   0.1400736   0.1682864           0   0.3747559    0.356857   0.2017668   0.2708652   0.3630879   0.3883894   0.1875933   0.2972923   0.1384495   0.1412416    0.276791   0.2446868   0.3493925           0   0.1064539    0.137961           0    0.199972           0           0   0.2009049   0.1801922   0.1854406    0.263919   0.2498336   0.5294554   0.2183945   0.2569325   0.5206124   0.2821965
       0.443   0.3574123   0.2622778   0.1546611   0.1839228   0.2185856   0.2061799           0           0   0.3088565    0.248724   0.4752561   0.3242041   0.2039536   0.2314335   0.3677197           0   0.1534113   0.1524077   0.2864875           0   0.1442046   0.2250466    0.210462   0.2896047   0.1421103   0.2318249   0.7136687           0   0.1082668   0.1164975           0   0.4756407   0.1442046   0.2250466   0.3963282    1.937943           0           0   0.2071649   0.3127936
     0.54637   0.2626425   0.3459106   0.3767813   0.3355036   0.2702768   0.2147497   0.4313634           0   0.3971593           0   0.1635224   0.1800428   0.1705234   0.2062796   0.3368922   0.2306233   0.2273178           0    0.122275    0.162895           0   0.3832918   0.4127339           0   0.1633527   0.2277403   0.2420094           0           0    0.274592    0.212423           0   0.2843705           0           0           0   0.2443145   0.2063861           0           0
     0.63531   0.3206213    1.590237   0.2474057           0   0.3334093           0   0.2570958           0   0.4250189   0.3766761           0   0.3868672   0.2170415   0.1818486    0.264091   0.1945071   0.1946297   0.2879044   0.5496412           0   0.2860224   0.3121131   0.3426677           0   0.1946297   0.2879044           0           0   0.2832485    0.245199           0   0.7170892           0           0   0.1383208   0.2018573   0.4196379           0   0.1706993   0.2193305
