RedBook Building (10 Storey 2D Frame) - EDP|IM Data for -EDP13 / Peak Horizontal Floor Acceleration / Floor6
   11   40           (41g12.7)
     0.02082  0.08203351   0.0694974   0.1391397  0.07856565  0.07263802  0.07626901  0.02961766   0.0342119  0.02801565  0.03627559   0.1000788  0.08167457    0.137171  0.07668305   0.0279975   0.0351067  0.02049613  0.02006407  0.02611677   0.0411963  0.02327118  0.01776873   0.1542429   0.1947306  0.01390204  0.01286241  0.02890492   0.0439723 0.007036318 0.009391002   0.0613435  0.04488129  0.02290943  0.02325326  0.07818588  0.07029348   0.1108583   0.1082946  0.04231606  0.05481422
     0.05283   0.1152332  0.07182411  0.09063496  0.06831937   0.1670803   0.1162413   0.1006805  0.06033835   0.1075214   0.1277255   0.1529689   0.1595344   0.2263649   0.1356916   0.1331272   0.1209378  0.05085074  0.04729982   0.1618186   0.1040686   0.1055803    0.113472  0.07096904  0.07370273  0.05669314  0.06386985  0.08128445  0.05378196  0.08295069  0.06336916   0.2247515   0.3274577  0.04845573  0.04913889  0.05831519  0.05755989   0.1536822   0.1046002   0.1462898   0.2170255
     0.08703  0.07268045   0.0732067   0.1381246   0.0521066   0.1047892   0.1298369  0.06911254  0.06995344   0.1544842   0.2329559   0.1395334   0.1805143   0.1411445    0.164646  0.09101965    0.105308  0.07955861  0.06611692   0.1147332   0.1069401    0.117368   0.1238165  0.09228912   0.1163563  0.06850894  0.08655864   0.1544842   0.2329559   0.0676541  0.05993897   0.2074839   0.2267548  0.09007523   0.1464103  0.09727602   0.1726618   0.1391557   0.1382401   0.1849016   0.1760469
     0.14369    0.170669   0.1613991   0.1426878   0.1629638   0.1438522   0.1435344   0.1279016  0.07157867   0.1025757   0.1081277   0.1026613   0.1182454   0.1524207   0.1247946   0.1583874   0.1977556  0.08576488   0.1245069   0.1394898   0.1698517  0.08471167   0.1058828   0.1820023   0.2457831   0.1362072   0.1259422   0.2413583   0.1941718   0.2016213   0.2258226   0.1144264  0.09860054  0.09131493  0.09917288   0.1095759  0.09815879   0.1426532   0.1189253    0.261159   0.1871542
     0.18869   0.1031644  0.09228948   0.1739513   0.2412765   0.1537283   0.4685324   0.1511098   0.1542355   0.1276792   0.1059233   0.2157187   0.1373216   0.1855382   0.1312951   0.1678843   0.1380736   0.2878104   0.1962477  0.09785591  0.09679653   0.1094154   0.1202294   0.3615533   0.2285528    0.188948   0.1528285  0.09639827   0.1146606   0.1598453   0.1564185   0.5011687   0.4254116   0.2437031   0.2103874   0.1571608   0.1153377  0.09693828   0.1271506  0.07998448  0.09272215
     0.23779   0.1484258   0.1605668   0.1743165   0.2533453   0.1484258   0.1605668   0.1451335   0.1253881    0.326988           0   0.2289055   0.1930255           0   0.1808733   0.5296911   0.6784679   0.1682029   0.1814462   0.1099946   0.1150525    0.276552    0.249449   0.1459205   0.1295296   0.1441789   0.1226962   0.1465538   0.1242829   0.1347989   0.2321435   0.5580515   0.4275635    0.150896   0.1046985    0.569828   0.3471746   0.3047416   0.2620122   0.1720861   0.1384949
     0.31139   0.1752785   0.1520138   0.2168295   0.3363392   0.1122258  0.09141185   0.1356886   0.1554462   0.1672536           0   0.1298818   0.1567174   0.1725426    0.226407   0.1446228     0.12184   0.2339885    1.466442   0.1795663           0           0           0   0.1317268   0.1418639   0.1885826    0.199815   0.3411361   0.3072875   0.1016522  0.09088073     0.17408   0.1298542   0.1257946           0   0.1940525   0.1540948    0.119041   0.1522579   0.1204732   0.1289345
     0.37348   0.7784829   0.1938853   0.1594197   0.1317398   0.1799228   0.2161379   0.1594197   0.1317398   0.1344447           0    0.282264   0.3000624    0.177959   0.2126845   0.2983096   0.2808272    0.254305   0.2043265   0.1340199   0.1589083   0.2195461   0.1785838   0.2844251           0     0.11892   0.1332574           0   0.1791195           0           0   0.1397181   0.1835234   0.1751899   0.2072462   0.1705408   0.4544646   0.2091855   0.2710772   0.5077694   0.2231814
       0.443   0.2149572   0.2132722   0.1415477   0.1673005   0.2502997   0.2541391           0           0   0.3380329   0.2105787   0.3583076   0.3746695   0.1691144   0.2286277   0.2291417           0   0.1290273   0.1700632   0.2124839           0   0.1602051   0.2059118   0.2000706   0.2204024     0.16262   0.1727097   0.6420594           0   0.1150107   0.1329233           0   0.4088858   0.1602051   0.2059118   0.5088285    1.740726           0           0   0.1940183   0.3070991
     0.54637   0.2562834   0.2467365   0.2677864   0.3755364   0.1968642   0.1885087   0.2258991           0   0.4565887           0   0.1608886   0.1834618    0.159421   0.1549967   0.2250336   0.2525951    0.215853           0   0.1361027   0.1483835           0   0.4054768   0.3124771           0   0.1345866   0.2033109     0.20962           0           0   0.2756649   0.2129205           0   0.1893897           0           0           0   0.2337199    0.205513           0           0
     0.63531   0.2188769    1.422559    0.227421           0   0.2527803           0   0.2545986           0   0.3789707   0.2829279           0   0.3604416   0.2314959   0.1723236   0.2242826   0.1830484   0.1928196    0.204317   0.4686075           0    0.269276   0.1860884   0.2845887           0   0.1928196    0.204317           0           0   0.2178978   0.2018369           0   0.5149597           0           0   0.1480765   0.1826027    0.294015           0   0.1487487   0.1881843
