RedBook Building (10 Storey 2D Frame) - EDP|IM Data for -EDP21 / Peak Horizontal Floor Acceleration / Floor10
   11   40           (41g12.7)
     0.02082   0.1097548  0.09534806   0.1495813   0.1019527  0.09694485  0.09933417  0.04125201  0.05215189   0.0399182  0.05325308   0.1100589  0.06917699   0.1585349   0.1183007   0.0507748  0.05274317  0.03048078  0.03015306  0.03236679  0.06916414  0.02696631  0.02988728   0.2220043   0.2631432  0.02028795  0.01848721  0.05574386  0.05320413  0.01246886  0.01932885  0.07438756  0.08573438  0.02947531   0.0366538    0.104366  0.08058491   0.1612898   0.1102439  0.05737762  0.08254608
     0.05283   0.1471493  0.09263236   0.1313244  0.09083914   0.2008035   0.2132653    0.190989  0.09057102   0.1507347   0.1724378   0.2629317   0.3003257   0.2341529   0.1889422   0.1742011   0.1596975  0.06545069  0.06838848   0.2028955   0.1660138   0.1427174   0.1363479  0.08349702  0.09177097  0.06915976   0.0812474  0.09114169  0.08856073   0.1293499   0.1016137   0.2480008   0.3128402  0.06201075  0.09008214  0.08258007  0.08512918   0.1494885   0.2067434    0.185105   0.2423601
     0.08703   0.1142276  0.09756845   0.1670217  0.07720915    0.157327   0.1419832   0.1038581   0.1045061   0.2403642   0.2642536   0.2341766   0.2149495   0.1812441   0.2089172   0.1141679   0.1601106  0.09709788  0.08875581    0.227999   0.1380576   0.1844544   0.1927819    0.131209    0.135002   0.0952195   0.1192212   0.2403642   0.2642536  0.07859029  0.09077824   0.2329709   0.2499822   0.1412077   0.1385028   0.1489735   0.2087097   0.2029638   0.1856817   0.2753581   0.2172375
     0.14369   0.2312531   0.2111868   0.1995894   0.1987141   0.1930112   0.2094409   0.1322217  0.07691448   0.1501692    0.140331    0.131409   0.1493835   0.1696167   0.1536081   0.2526809   0.2309679   0.1386312   0.1802913   0.1618629   0.1903891   0.1058792   0.1297862   0.1996539   0.3243448   0.1837418   0.1652671    0.234303   0.2207436   0.2526157   0.2418708   0.1493642   0.1731012   0.1627013   0.1263726   0.1459103   0.1204001   0.1773351    0.167185   0.3329529   0.2467658
     0.18869    0.146055   0.1296325   0.2483425   0.3250403   0.2383527   0.3112339   0.1704972   0.1712304   0.1582964   0.1272383   0.2575288   0.1483119   0.2443147   0.1338741   0.2236409   0.2051649   0.3018665   0.2679343     0.12967   0.1653392    0.135014   0.1482694   0.3793101   0.3309118   0.2020056   0.2052694   0.1215443   0.1469093   0.1897329   0.1845645    0.431251   0.5303782    0.321014   0.2606058   0.1958369   0.1738466   0.1529363    0.206301   0.1273127   0.1210757
     0.23779   0.1780477   0.1787082   0.2398318   0.2820614   0.1780477   0.1787082   0.1895229   0.1630043   0.3421896           0   0.2546315   0.2431944           0   0.2519029   0.3975087   0.3799055   0.2072441   0.2070874    0.161552   0.1363708    0.336752   0.3686937   0.2277594   0.1924299   0.1572533   0.1605079   0.1919478   0.2182324   0.2040652    0.258895    0.476616   0.4711369   0.1802171   0.1379269   0.3554141   0.2778874   0.3007643   0.2548703   0.1801524   0.1904274
     0.31139   0.2124396   0.2032457   0.2916794   0.3827533   0.1479039    0.135435   0.1780234   0.1971063     0.17292           0    0.211463   0.1750803   0.2117013   0.2922029   0.1813986   0.1560222   0.3344251   0.9009498   0.2487475           0           0           0   0.1843772   0.2550382    0.279581   0.2234414   0.4118033   0.3529722   0.1175889   0.1360872   0.2883423   0.1814001   0.2308603           0   0.2224732   0.1956713   0.1560675   0.1714213   0.1856644    0.173196
     0.37348   0.5105415     0.23388   0.1852638   0.1886412   0.2097783    0.298498   0.1852638   0.1886412   0.1747278           0   0.3111776   0.3555153   0.2442951   0.2869162   0.3668305   0.3729302   0.2426126   0.2754393   0.1841904    0.178367   0.3161042   0.2601063   0.3267566           0   0.1700344   0.1521593           0   0.2060229           0           0   0.2355494    0.213488    0.343445   0.2443094   0.2394748   0.3903889   0.2693733   0.2688354   0.3418471   0.2846239
       0.443   0.3010607   0.2932997   0.1826962   0.2328214   0.2662821   0.2502671           0           0   0.2965392   0.2574388   0.3649506   0.4110336   0.2391932   0.2411371   0.3277189           0   0.1720775   0.2480359   0.2628744           0   0.2190194   0.2315071    0.350709   0.2545099    0.205565   0.2420293   0.4585181           0   0.1726346   0.1690278           0   0.6195851   0.2190194   0.2315071   0.5742712    1.041641           0           0   0.2981975   0.4018061
     0.54637   0.3465813   0.2950069   0.3376491   0.3037164   0.2686106   0.2230234   0.3295561           0   0.4552044           0   0.2196037   0.2903978   0.1864016   0.2051348   0.2827217   0.2915038   0.2494126           0    0.188774   0.2051514           0   0.3245456   0.3620841           0   0.1857971   0.2516876   0.2611891           0           0   0.2818555   0.3217176           0   0.2702645           0           0           0   0.2770836   0.2463423           0           0
     0.63531   0.2889498   0.6903313   0.3069592           0   0.3007755           0   0.3412712           0   0.3366623   0.3814531           0   0.3793168   0.2925958   0.1944666   0.2870612   0.2310375   0.2044253   0.2777791   0.3759108           0   0.2698512   0.2521817   0.3654613           0   0.2044253   0.2777791           0           0   0.2758063   0.3076144           0   0.3658693           0           0   0.2077635   0.2287561    0.370448           0   0.1949646   0.2788573
