RedBook Building (10 Storey 2D Frame) - EDP|IM Data for -EDP9 / Peak Horizontal Floor Acceleration / Floor4
   11   40           (41g12.7)
     0.02082  0.09934906  0.07856035   0.1101363  0.07078588  0.07167039  0.07741055  0.03455736  0.04868267  0.02611886  0.04065084   0.0757735  0.05056659    0.151131   0.1018644  0.03858384  0.03988196  0.02747164  0.02541677  0.02297961   0.0578616  0.01985031  0.02525892    0.140288   0.1694954  0.01617439  0.01305894  0.04791254  0.04225877 0.006907069  0.01089011   0.0577027  0.08663881  0.02537385  0.02736868  0.09562714  0.06072793   0.1280686  0.09760698   0.0384473  0.07474704
     0.05283   0.1258359  0.07609908  0.08347724  0.05810143   0.1438652    0.136105   0.1584457  0.09308912   0.1172396    0.153763   0.2202202   0.1818986    0.249805   0.1522462   0.1096312   0.1122847  0.05175494  0.06034434   0.1549921   0.1152212    0.120463   0.1227964  0.06257332  0.06813542  0.06319875   0.0640489  0.06291389  0.05125594   0.1053295  0.07639885   0.2596636   0.2972915  0.04266233  0.06447587  0.06341098  0.06258173   0.1565431   0.1490826   0.1540499   0.1940423
     0.08703   0.0628119  0.06104699     0.10875  0.05450283   0.1483221   0.1194503    0.069013  0.05697222   0.1969962   0.1771287   0.1972877    0.168843   0.1268119   0.1287301    0.100576   0.1307314  0.07361753  0.06638081   0.1528191   0.1043094   0.1809834   0.1480813  0.08344167   0.1146825  0.06257365  0.05716735   0.1969962   0.1771287  0.07565268  0.05655143   0.2137317   0.1985647   0.1159034   0.1026085   0.1377915   0.1217304   0.1656955   0.1238091   0.1564355   0.1513122
     0.14369   0.1949307    0.138025   0.1717979   0.1383499   0.1705696   0.1890069  0.09742671  0.05783379   0.1226524   0.1090894  0.08837184   0.1105594   0.1348667   0.1124057   0.1729241   0.1888259   0.1147992   0.1757263   0.1022832   0.1306414  0.06859312  0.07822793   0.2245431   0.3389365    0.168488   0.1645673   0.2251606   0.1672778   0.2235158   0.2492373   0.1165405   0.1246896   0.1184049  0.09648236  0.09922515  0.07830917   0.1501817   0.1015479    0.249182    0.201921
     0.18869   0.1030625  0.09476353   0.2334325   0.2127811   0.1742334   0.3727388   0.1513688    0.125553   0.1122785  0.09183491   0.1800283   0.1362143   0.2056547   0.1151779     0.18558    0.159726   0.2372207   0.2427291   0.1089837    0.137343  0.08853708   0.1321995   0.3317304   0.2565189   0.2222989   0.1515145   0.0966802  0.09832449   0.1563667   0.1517174   0.5561804   0.5502969   0.2811251   0.2595166   0.1365558   0.1334345   0.1260262   0.1744684  0.07829281  0.09755698
     0.23779   0.1658927   0.1633073   0.1746315   0.1743619   0.1658927   0.1633073   0.1232403   0.1209564   0.3316103           0   0.3357757   0.2067209           0   0.1509228   0.7556511   0.5312913   0.1668871   0.1455943  0.09076106   0.1033461   0.2372362   0.3573863   0.1493606   0.1131226   0.1090938    0.119067   0.2038672    0.253961   0.1434623   0.2025362    0.586422   0.5116562    0.125999   0.1326983   0.6058015   0.3517036   0.2886328   0.2004019   0.1441241    0.158384
     0.31139   0.2342666   0.1838563   0.2335191   0.3063575  0.08953214  0.08604516   0.2322854   0.1986537   0.1265533           0    0.152013   0.1562495   0.1499457   0.2323904   0.1388871   0.1128675    0.276998    1.475984   0.2212085           0           0           0   0.1936514   0.2562497   0.2461792   0.1937199   0.3386343   0.2325996  0.07531843  0.07512633   0.2587933   0.1454475   0.2322064           0   0.1851353    0.175354   0.1091904   0.1452469   0.1701287   0.1499766
     0.37348   0.9024885   0.1912722   0.1465714   0.1191348   0.1981738   0.2428451   0.1465714   0.1191348   0.1302373           0   0.3533076   0.3112334   0.1821055   0.2870818   0.3464975   0.4024057   0.2048731   0.2364995   0.1469924   0.1315255   0.2490632   0.2943769   0.3252826           0   0.1186111    0.140856           0   0.1891144           0           0   0.2067431   0.1678968   0.1814506   0.2483071   0.3444292   0.4664704   0.1967314   0.2592011   0.4026876   0.2489047
       0.443   0.3434437   0.1734414    0.161318   0.1847148   0.2201119   0.1696328           0           0   0.3572105   0.2619118   0.4454878   0.3716873   0.2032187   0.1756412   0.3016858           0   0.1592029   0.1444279   0.3996967           0   0.1344592   0.1906417   0.2229687   0.2344896   0.1632347   0.1751409   0.6263751           0   0.1115538   0.1276315           0   0.5526412   0.1344592   0.1906417   0.6257808    1.714676           0           0   0.2262793   0.3136934
     0.54637   0.2549638   0.2850038   0.3207413   0.3346516   0.2684574   0.2054707   0.3730823           0   0.3810828           0   0.1773201   0.1638932   0.1541261   0.1953973   0.3177102   0.2710168   0.2570431           0    0.131196   0.1715525           0   0.4935887   0.3155189           0   0.1431567    0.199672   0.2528606           0           0    0.254366   0.2359001           0   0.3050568           0           0           0   0.2372487   0.2059768           0           0
     0.63531   0.3214424    1.409969   0.2461453           0    0.348567           0   0.2639531           0   0.3786957   0.3318178           0   0.3313904   0.2159574   0.1975607   0.2163366   0.1885894   0.1830222   0.2598428   0.4174317           0   0.2925232   0.2571119   0.4418496           0   0.1830222   0.2598428           0           0   0.2322174   0.2864501           0   0.6605642           0           0   0.1550112   0.2077329   0.3809195           0   0.2124067    0.207445
