RedBook Building (10 Storey 2D Frame) - EDP|IM Data for -EDP17 / Peak Horizontal Floor Acceleration / Floor8
   11   40           (41g12.7)
     0.02082  0.08455459  0.05354918  0.09424941  0.07135915  0.07343219  0.08669111  0.02311284  0.02843384  0.03265767  0.02873547  0.07415387   0.0483778   0.1257696  0.07516753  0.03286618  0.02747706  0.01775563  0.02111881  0.02645956  0.04521853   0.0224014  0.02254633   0.1559995   0.2174103  0.02058359  0.01521042  0.04669857  0.04067072 0.008975522  0.01615734  0.05599666  0.06100696  0.02438412  0.02637418  0.08728853  0.06969169  0.07892464  0.07290787  0.03481114  0.03791817
     0.05283     0.10018  0.06593532  0.06294773    0.066192   0.1429679   0.1187477   0.1038728  0.05761417  0.09224513   0.1041083   0.1890008   0.2018848   0.1760785   0.1414564   0.1250535  0.08964279  0.03921193  0.03508394   0.1099883  0.08126667   0.1111942   0.1147074  0.06046965  0.06071374  0.06226147  0.07467113    0.075663   0.0666908  0.09477454  0.09810166   0.2942411   0.3018175  0.05427243   0.0557015  0.06684162  0.06527355   0.1323624   0.1264554   0.1092217    0.142169
     0.08703   0.0718475  0.08361369   0.1410815  0.06717324    0.125739   0.1075066  0.08144977  0.07341488   0.1931384   0.1741792   0.1877561   0.1475076   0.1308005   0.1158874   0.1015757  0.08470637  0.08370497  0.06857913    0.131393  0.07915872   0.1163866   0.1270736  0.09516442   0.1312118  0.06539401  0.08446932   0.1931384   0.1741792  0.07258305  0.07510265   0.2157222   0.2091593  0.08992607   0.0903344   0.1106442    0.122343   0.1243282   0.1129911   0.1754837   0.1596075
     0.14369   0.1794671   0.1519144   0.1491366   0.1296149   0.1283749     0.16279   0.1037944  0.07362936   0.1359745  0.09987775   0.1111358   0.1206756    0.137814   0.1189911   0.1791886   0.1715563  0.06517607   0.1438494    0.112792   0.1037243  0.08816504  0.09643823   0.1624187   0.2370048   0.1211114   0.1273657     0.17812    0.183643   0.1747398   0.1929727   0.1115339   0.1441244   0.1109503  0.09601442    0.128512  0.09525566   0.1821205   0.1424042   0.2722813    0.222462
     0.18869    0.127787  0.09492446   0.1830556   0.1906307   0.1931259   0.4006019   0.1445234   0.1281131   0.1188035   0.1138647   0.1694174    0.122261   0.1775754   0.1164243   0.1955856   0.1571119   0.2001529   0.2117926  0.09753188   0.1047413   0.1057604   0.1165851   0.2630316   0.2658922   0.1517021   0.1459544  0.09921284   0.1370734   0.1336794   0.1550744   0.4967457   0.4642543   0.3348496   0.2371707   0.1380273   0.1133818   0.1284289   0.1278601  0.09035711  0.08550798
     0.23779   0.1555189   0.1343247   0.1595387   0.1623361   0.1555189   0.1343247   0.1460285   0.1336465   0.3820831           0   0.2130984   0.1929738           0   0.1729358   0.4502885    0.558976   0.1511205   0.1984901    0.130578    0.111551   0.2272757   0.3364674    0.150024   0.1236361   0.1382209  0.09907169   0.1598517   0.1755181   0.1858537   0.2129215   0.4908076   0.4281588   0.1414383   0.1040079   0.5769113   0.3123298   0.2942949   0.2224786   0.1376855   0.1339684
     0.31139   0.1689888   0.1619852   0.2520497   0.2578675   0.1364444  0.09942887   0.1671707   0.1672263   0.1494113           0   0.1459243   0.1480759   0.1567615   0.2518575   0.1322362   0.1203777   0.3268665    1.436983   0.1819906           0           0           0   0.1553874    0.171147   0.2583764   0.2017533   0.3147148   0.2785321  0.09814633   0.1115821   0.2577016   0.1538405   0.1914488           0   0.1843784   0.1656809   0.1029961   0.1302128   0.1217436    0.121199
     0.37348   0.8867648    0.212686   0.1456101   0.1282398   0.2155657   0.1997518   0.1456101   0.1282398   0.1457569           0   0.2114521   0.3052472    0.233458   0.2198048    0.245974   0.2550996   0.1943257   0.2187503   0.1333155   0.1397536    0.252159   0.2159674   0.3397385           0   0.1411109   0.1517334           0   0.2023927           0           0   0.1967574   0.1643726   0.2741338   0.2020484   0.2310329   0.4913634   0.2079929   0.2402051   0.4539314   0.2168616
       0.443   0.2885833   0.2427686   0.1613443   0.1696205   0.1880262   0.2010326           0           0   0.2838152   0.2154343    0.333814   0.3587668   0.2017839   0.2512689   0.2628433           0    0.143568    0.144277   0.2518188           0   0.1458838   0.1680772   0.2766919   0.2408295   0.1537039   0.1748157   0.6149256           0   0.1325599   0.1590321           0   0.6561188   0.1458838   0.1680772   0.2987556    1.869128           0           0   0.3181292   0.3313716
     0.54637   0.2843948   0.2478285   0.2301993   0.3565316   0.2533637   0.2027367   0.2557979           0   0.3102966           0   0.1377992   0.1876024   0.1758739   0.2293547   0.2286924   0.2453315   0.2145084           0   0.1460061   0.1787964           0   0.2855981   0.2904144           0   0.1344093   0.1952801   0.2440097           0           0   0.2130884   0.2529343           0   0.2614037           0           0           0   0.1982243   0.2156414           0           0
     0.63531    0.264565    1.331608   0.2609202           0   0.3051542           0   0.2996124           0   0.3300464   0.3044411           0   0.3363677   0.2302961   0.1559901   0.2658621   0.1896024   0.1728782   0.2889197   0.5044424           0   0.2160443    0.205173   0.2912956           0   0.1728782   0.2889197           0           0   0.2355984   0.2531789           0   0.4138517           0           0   0.1438925    0.197617   0.2657148           0   0.1522184   0.2423856
