RedBook Building (10 Storey 2D Frame) - EDP|IM Data for -EDP11 / Peak Horizontal Floor Acceleration / Floor5
   11   40           (41g12.7)
     0.02082  0.06788899  0.06912123   0.1435443   0.1040107  0.05886002  0.06484406  0.03119954    0.041729  0.02917238  0.04290285  0.07687793  0.05566226   0.1553491  0.09278853  0.03720877  0.03337067  0.02335359  0.02082566  0.02618833  0.05313973   0.0205594  0.02283231   0.2301534   0.2574669  0.01351114    0.015338   0.0556288  0.03642816 0.007482011  0.01050059  0.06086386  0.07195102  0.02375831  0.02750484   0.1123749  0.05849738   0.1239123  0.09920522  0.03513884  0.05718277
     0.05283   0.1045099  0.08462452   0.1119279    0.070388   0.1269799   0.1397477   0.1397556  0.08537895   0.1377612   0.1393191   0.2345803   0.2020064   0.2282867   0.2007016    0.120488   0.1280635  0.05267141  0.05357296   0.1392199   0.1301374   0.1310094   0.1299893  0.06935505  0.06713191  0.06526126  0.06788993  0.06514299  0.05085418  0.09552768  0.08843191   0.2213033   0.2189246  0.04055066  0.06121784   0.0672541  0.06631086    0.153961   0.1633805   0.1526205   0.1943349
     0.08703   0.0723787  0.07568851   0.1583682  0.06114766    0.116015   0.1169192  0.06026975  0.07082994    0.274989   0.1692602   0.1710703   0.2274123   0.1226919   0.1312342   0.1123499    0.104631   0.0714171  0.06894766   0.1333361  0.09743606   0.1727956   0.1419852   0.0877948   0.1117454  0.06213945  0.06208265    0.274989   0.1692602  0.07054699  0.05759903   0.1983129   0.1978509   0.1272803   0.1099681   0.1302885   0.1475752   0.1534233   0.1134195   0.2301058   0.1417831
     0.14369   0.1834253   0.1578081    0.180907   0.1491468   0.1626664   0.1867808   0.1106628  0.06354238    0.118278   0.1144098  0.09546496   0.1172543   0.1457791   0.1395273    0.208384   0.1885036  0.09441598   0.1289111    0.122538   0.1312518  0.06789355  0.08727311   0.1988479   0.3324829   0.1494541   0.1308175    0.212946   0.2078899   0.2194462    0.180169   0.1365642   0.1138326   0.1152788   0.0974699   0.1106674  0.08172159   0.1385497   0.1130627   0.2588208   0.2320938
     0.18869  0.09552959  0.09987457   0.2251871   0.2513479   0.2504587   0.3442989   0.1490438   0.1585561   0.1246707   0.1008482   0.1780431   0.1201779   0.2004106   0.1206083   0.1363247   0.1534722   0.2135984   0.2380958  0.09523835   0.1145624    0.106604   0.1204944   0.3405153    0.312617   0.1670464    0.156274  0.07880059  0.09600306   0.1722773   0.1732314   0.5798114   0.3805912   0.2923423   0.2492255   0.1453191   0.1278479   0.1185785   0.1686814  0.07237477  0.08876075
     0.23779   0.1595033   0.1599424   0.1607602   0.2091119   0.1595033   0.1599424   0.1262069   0.1362018   0.3287602           0   0.3205316   0.2376583           0   0.1476114   0.4355767   0.4723415   0.1502036   0.1610897   0.1019227  0.09448746   0.2169292   0.3093736   0.1638476   0.1132464   0.1211672    0.133962   0.1770752   0.1799169   0.1945423   0.2623066    0.438002    0.400987   0.1242207   0.1113858     0.61441   0.3506577   0.3083466   0.2816628   0.1775836   0.1614182
     0.31139   0.1965316   0.1971287   0.2301929   0.2511315   0.1010503  0.08673545   0.1668239   0.1487031   0.1380183           0   0.1548547    0.160173   0.1287778   0.2662329   0.1445877   0.1190344   0.2622806    1.457719   0.2120441           0           0           0   0.1608976   0.2266188   0.2381746   0.2221832   0.3449534   0.2510352   0.0863502  0.08978833   0.1904541   0.1379832   0.1796002           0   0.1895989   0.1821593   0.1108726   0.1154049   0.1332727   0.1396939
     0.37348   0.8734044   0.2224027   0.1590436   0.1215031    0.190526    0.282226   0.1590436   0.1215031   0.1434778           0   0.2676379   0.3021083    0.191976   0.3229541   0.3182625   0.3943682   0.2073769   0.2099796   0.1324648   0.1545028   0.3065112   0.2300663   0.3009065           0   0.1416942   0.1175298           0   0.1904488           0           0   0.1755331    0.200656   0.2303392    0.225658    0.274988   0.5160255    0.213658   0.2435505   0.5766595   0.2251358
       0.443   0.3168417   0.1792699   0.1597329   0.1715076   0.1804083   0.2009623           0           0   0.2613081   0.2443094   0.3594722   0.3738619   0.2381437   0.2295578   0.2632136           0   0.1454913   0.1688876   0.3232199           0   0.1511228    0.156248   0.2435482   0.2460561   0.1619717   0.1763239   0.6033147           0   0.1094355   0.1292885           0   0.5637227   0.1511228    0.156248   0.4946906    1.745744           0           0    0.266502   0.3897926
     0.54637   0.3054763   0.3151651   0.3036955   0.3772023   0.2050571   0.1852971   0.3585655           0   0.4225015           0   0.1554312   0.1763443   0.1418869   0.1647497   0.2537123    0.246818   0.2089072           0   0.1266774   0.1372227           0   0.3082734   0.3123874           0   0.1188451   0.1725979   0.2806886           0           0   0.3060357   0.2121129           0   0.2325329           0           0           0   0.2309174   0.2142941           0           0
     0.63531   0.2859735    1.220025   0.2279562           0   0.2816269           0   0.2859179           0   0.3669202   0.3314549           0   0.3824284   0.1791121   0.1553654   0.2411567    0.177461   0.1998848    0.261173   0.4254335           0   0.2601705   0.2208354   0.3723978           0   0.1998848    0.261173           0           0   0.2521399   0.2360872           0   0.5833759           0           0   0.1480234   0.1728764   0.3328925           0    0.164962   0.1919926
