RedBook Building (10 Storey 2D Frame) - EDP|IM Data for -EDP5 / Peak Horizontal Floor Acceleration / Floor2
   11   40           (41g12.7)
     0.02082   0.0784159  0.07902074   0.1245273  0.09136024  0.08739855  0.08323208  0.03310031  0.03769608  0.03266481  0.03880678  0.08936391  0.06877345   0.1364722  0.08539972  0.04133402  0.03845515  0.02371394   0.0180433  0.02419072  0.03877982   0.0147817  0.01626022   0.1741177   0.2554725  0.01760311  0.01752732  0.05655367  0.04691944 0.008891779  0.01072408  0.07381562  0.06592997  0.01881432  0.02315015  0.09222469  0.05994251   0.1361685   0.1126333  0.04581682  0.04929136
     0.05283   0.1106955  0.09509819  0.09984187  0.07528629   0.1878851   0.1103937   0.1531565  0.06218451   0.1105385   0.1409796   0.2452469   0.2077118   0.2146909   0.1580589    0.152936   0.1084878  0.03523756  0.05093713   0.1598175   0.1354011   0.1067367   0.1313308  0.06407548  0.06051807   0.0476066   0.0499067  0.07154286  0.05732436  0.09442796  0.06052694   0.2377143   0.2734689  0.04589223  0.05019197  0.04193435  0.04905176   0.1401746    0.169511   0.1525494   0.2362087
     0.08703  0.06746702  0.05559439   0.0984792  0.05731593  0.09948942   0.1288407  0.06884817  0.06338428   0.2274088   0.2419182   0.1808986   0.1775122   0.1262452    0.152025   0.1001925   0.1151776  0.06920443  0.05155864    0.160147   0.1059926   0.1502918    0.140156   0.0938355  0.09926142  0.08517821  0.07353504   0.2274088   0.2419182  0.05613662  0.04707036   0.2263173   0.2187299   0.1014309   0.1203593   0.1253415   0.1845961   0.1710968   0.1348359   0.2069867   0.1896904
     0.14369   0.1809867   0.1841427   0.2076073   0.1524794   0.1582385   0.1858558   0.1033669  0.05538542   0.1151009   0.1084602  0.08768078    0.113262    0.108185   0.1189814   0.1839878   0.2288853   0.1176254   0.1868642   0.1157673   0.1351116  0.07149353  0.08198387   0.2153792   0.2416822   0.1348657   0.1526371   0.2259312   0.2230894   0.2327982   0.2532803    0.127619   0.1253208   0.1102222  0.09152429   0.1016563  0.07222885   0.1396743  0.09198917   0.2699358   0.2376664
     0.18869  0.08987622  0.09802954   0.2383438   0.3332475   0.2003387   0.4643392   0.1515066   0.1558652   0.1323772   0.1117729   0.2321465   0.1354781   0.2755507   0.1006686   0.1692217   0.1813017   0.2547582   0.2661695  0.08389297   0.1188346  0.07978173    0.133288   0.4092143   0.3340961   0.1586226   0.1662663  0.08372819   0.1111007   0.1690573   0.1419653   0.6706934   0.4957459   0.2761188   0.2877087   0.1959503   0.1257413   0.1094569   0.1530166  0.08294523   0.0924275
     0.23779   0.1567645   0.1504235   0.2404427   0.2436358   0.1567645   0.1504235   0.1454289   0.1384962   0.3411883           0   0.2646572   0.2200581           0   0.2038568   0.4714052   0.5112426   0.1552398   0.1899085  0.09597322   0.1190079   0.2519699   0.3119317   0.1885599   0.1559972   0.1275499   0.1214592   0.1916667   0.2100122   0.1641272   0.2677635   0.4809383   0.4653323   0.1455497   0.1101506   0.7831134   0.4242271   0.2894095   0.2062204   0.1706284   0.1416751
     0.31139   0.2494508   0.1768644    0.330962   0.3717734   0.1165064  0.09958423   0.1660958   0.2233262   0.1345489           0   0.1822834    0.176686   0.1903907   0.2918471    0.206002   0.1197169   0.3281096    1.800196   0.2381575           0           0           0   0.1471366   0.2423884   0.2699154   0.2346078   0.2929154   0.2740724    0.101382   0.0869236   0.2177255   0.1523672   0.2074832           0   0.2098853   0.1838677   0.1132515   0.2005711   0.1679185   0.1464121
     0.37348    1.092588   0.2395087   0.2318894   0.1345413   0.1926748   0.2349307   0.2318894   0.1345413   0.1818494           0   0.3202571   0.3794936   0.2517844   0.2254544   0.3622164   0.3238746   0.2102485   0.2907253   0.1862694   0.1717263   0.3728823   0.2671891   0.3527054           0   0.1104735   0.1490701           0   0.2092661           0           0   0.2563904   0.1959656   0.2503168   0.3304636   0.2520494   0.4661521   0.2937426   0.2712192   0.6183833   0.2649246
       0.443   0.3550558   0.2148028   0.2293932   0.2022989   0.2534758   0.2496142           0           0   0.3595902    0.278948   0.4148412   0.4055454   0.2161654   0.2556165   0.2937136           0   0.1423364   0.1832704   0.3114251           0   0.1687215   0.3159335   0.2892979   0.4063616   0.1926593   0.2536182   0.7602556           0   0.1155721   0.1628552           0   0.6224618   0.1687215   0.3159335   0.6980757    2.252829           0           0   0.2626386   0.3711239
     0.54637   0.3416952   0.4073315   0.4063665   0.3805622   0.2823321   0.2390629   0.3045693           0   0.3457146           0   0.1834534   0.2019322   0.2043639   0.2346718    0.315593   0.2798326   0.2980084           0   0.1528208    0.206328           0   0.4532296   0.3648206           0   0.1818535   0.2319016   0.3075133           0           0   0.2513593   0.3441335           0   0.3691572           0           0           0   0.2523114   0.2905994           0           0
     0.63531   0.3308377    1.624404   0.2551524           0   0.4183364           0   0.3950487           0    0.464841   0.4843259           0   0.3813685   0.2887923   0.2179735   0.3220838   0.2108537   0.2496552    0.395594   0.6346827           0   0.3308045    0.297369   0.3605454           0   0.2496552    0.395594           0           0   0.2895535   0.2614544           0   0.8025461           0           0   0.1623907   0.2553066   0.4215976           0   0.1984842   0.2506032
