RedBook Building (10 Storey 2D Frame) - EDP|IM Data for -EDP20 / Peak Inter-Storey Drift Ratio / Floor10
   11   40           (41g12.7)
     0.02082   0.0656602   0.0597964   0.0828075   0.0560177   0.0569912   0.0524417   0.0310237   0.0367737   0.0253301   0.0366717   0.0649375   0.0432795   0.0973527   0.0669118   0.0332436   0.0340819   0.0215216   0.0220951   0.0188861    0.047866   0.0192923   0.0210197    0.115036    0.134014   0.0164793   0.0134894   0.0361065   0.0324082   0.0102825   0.0116369   0.0421873   0.0554387   0.0230491   0.0272766   0.0565867    0.045786    0.103788    0.065624   0.0368736   0.0577793
     0.05283   0.0959348   0.0598956   0.0847072   0.0619917    0.123311    0.130481    0.130663   0.0673144   0.0884028    0.111477    0.142133    0.149437    0.138174    0.107875    0.102207    0.100956   0.0451486   0.0490615    0.125782    0.102269   0.0924825    0.090774   0.0606435   0.0602295   0.0527384   0.0554262   0.0623323   0.0621134   0.0738654   0.0668005    0.127293    0.144366   0.0459077   0.0641258   0.0589472   0.0569011   0.0947307    0.126522    0.113995    0.148774
     0.08703   0.0777292   0.0628763   0.0909442   0.0438694    0.101018   0.0884173   0.0702218   0.0714895    0.148295    0.152409    0.138196    0.126314    0.117116    0.131731    0.072802     0.10619   0.0651049   0.0598719    0.143669   0.0857702    0.120862    0.120641   0.0821624   0.0862472   0.0641262   0.0806998    0.148295    0.152409   0.0543685   0.0642304    0.136365    0.128257   0.0941555   0.0836919   0.0988452    0.130577    0.127952    0.112707     0.15463    0.131519
     0.14369    0.133284    0.125002    0.132826    0.134856    0.123875    0.134794   0.0787799   0.0539623   0.0901704     0.08317   0.0882794   0.0968555    0.104197    0.102516    0.135898    0.138678   0.0990389     0.11708    0.105154     0.12291    0.072458   0.0898105    0.130622    0.197388    0.119637     0.10944    0.151435    0.125341    0.165318    0.159014   0.0970008    0.115004    0.111196   0.0850268   0.0943973   0.0773462    0.108006   0.0991422    0.166592    0.144116
     0.18869   0.0956724   0.0840898     0.14974    0.208433    0.142742    0.182981     0.10541     0.11127   0.0992596   0.0850753    0.163325   0.0971941    0.185457   0.0840132    0.126553    0.107678    0.151467    0.144683   0.0861949    0.102809   0.0895974   0.0915925     0.25925    0.212808    0.123338    0.128618   0.0842244    0.100082    0.118602    0.121508    0.283067    0.280011    0.184744    0.145994    0.120296    0.117931    0.100365    0.133736   0.0873989   0.0834707
     0.23779    0.128313    0.115432    0.142097    0.189675    0.128313    0.115432    0.129705   0.0939638    0.170917           0    0.196109    0.142528           0     0.13861    0.156963    0.106446      0.1105    0.131684       0.101   0.0833922    0.191744    0.170212    0.146518    0.120243   0.0913395    0.105459      0.1236    0.130829     0.12493    0.144604     0.30198    0.231696    0.116122   0.0956734    0.120404    0.118135    0.155592    0.119883    0.115976    0.116345
     0.31139    0.125929     0.13291    0.171974    0.189814   0.0935978   0.0867152    0.120167    0.121941    0.113895           0    0.128934    0.112623    0.141937    0.180528    0.100982    0.104359    0.182608    0.176401    0.151495           0           0           0    0.113253    0.150365      0.1607    0.133991    0.235555    0.163946   0.0826278   0.0870987    0.155922    0.116631     0.15039           0    0.151164    0.116609    0.101433    0.110296    0.124268    0.112557
     0.37348    0.178108    0.142007    0.117198    0.121472    0.134438    0.188996    0.117198    0.121472    0.108887           0    0.214893    0.246545    0.145907     0.17764    0.245391    0.250616    0.145917    0.171313    0.121205    0.106608    0.186123    0.148242    0.216505           0    0.109474    0.099522           0    0.131844           0           0    0.142292    0.126992     0.20052    0.148741    0.142979     0.15181     0.16058    0.158447    0.157407    0.179402
       0.443    0.190568     0.15874    0.119675    0.134591     0.14493     0.14116           0           0    0.143332    0.161637    0.264552    0.215769    0.157479    0.172111    0.186594           0    0.111143    0.150121    0.162123           0    0.135717    0.149754    0.221364    0.164915    0.115371    0.154884     0.18258           0    0.104053    0.109634           0    0.411686    0.135717    0.149754    0.168157    0.136379           0           0    0.148194    0.204249
     0.54637    0.242425    0.193668     0.19064    0.171766    0.160093    0.143887    0.211632           0    0.317239           0    0.134038    0.170511    0.116999    0.115569     0.15625    0.172949    0.148928           0    0.115667    0.128613           0    0.192462    0.215853           0    0.120316    0.146538    0.158445           0           0    0.172049    0.194879           0     0.15667           0           0           0    0.201111    0.140799           0           0
     0.63531    0.189284    0.183764    0.216534           0    0.178204           0    0.216423           0    0.206046    0.273248           0    0.234765    0.187219    0.120199     0.18443    0.145831    0.137475    0.213112    0.190255           0     0.15529    0.173938    0.251782           0    0.137475    0.213112           0           0    0.178687    0.189612           0    0.242136           0           0    0.121283    0.144683    0.211391           0    0.126286    0.171722
