RedBook Building (10 Storey 2D Frame) - EDP|IM Data for -EDP4 / Peak Inter-Storey Drift Ratio / Floor2
   11   40           (41g12.7)
     0.02082    0.138998    0.117783    0.127931   0.0617569   0.0881717    0.121693   0.0554818   0.0673724   0.0750864    0.065883   0.0785914   0.0671774    0.251099   0.0944182   0.0881473    0.093792   0.0793297   0.0802753   0.0667798    0.122879    0.110823   0.0654173    0.109099   0.0998722   0.0687505   0.0538733   0.0642631   0.0505854   0.0251514    0.040054    0.076769    0.105731   0.0941081    0.108566   0.0693243   0.0603576    0.193511    0.109904   0.0700837    0.105357
     0.05283    0.196213    0.155065    0.226301    0.194883     0.23137    0.255373    0.313893    0.219156    0.290796    0.267565    0.277847    0.173854     0.23925    0.179416    0.200634    0.290362    0.134307   0.0950328    0.157507    0.239832    0.394385    0.250515    0.265587    0.144484     0.31451    0.260591    0.286755    0.279931    0.291864    0.209608     0.39169    0.417168    0.205896    0.173542    0.274214    0.247771    0.361111    0.185274    0.238713    0.305333
     0.08703    0.275339    0.285036    0.327791    0.123585    0.354993    0.271581    0.322379     0.34876    0.329521    0.183403    0.583438    0.378131    0.519125    0.497633    0.561962    0.320389    0.418245    0.292806    0.307675    0.273385    0.217764     0.47363     0.31208     1.00898    0.321605    0.259553    0.329521    0.183403    0.379532    0.344599    0.314368    0.255093    0.278103    0.204163    0.228906    0.263165    0.355009    0.333187    0.295809    0.441387
     0.14369    0.447085    0.437445    0.292091    0.329801    0.553689    0.943618    0.834324    0.365628    0.384355    0.510079    0.812263    0.541274     0.64369    0.662826     0.45096    0.465176    0.144041    0.343593    0.410057     0.44495    0.303527    0.397269    0.792008    0.595206    0.531782    0.494792    0.442293    0.676203    0.530119    0.428419     1.01512    0.583704    0.559253     0.57526    0.542169    0.521164      0.3187    0.491118    0.670405    0.463216
     0.18869    0.825267    0.610436    0.439553    0.553619    0.325843     1.54261    0.424674    0.866275    0.889596     0.59822    0.485435    0.498426    0.582712    0.595419    0.452268    0.571284    0.892785     1.27801    0.738116    0.741162    0.848414     1.06135    0.465485    0.413994    0.462704    0.959542    0.359256    0.443617    0.887078    0.677932     1.65259    0.290127    0.919623    0.814225      1.0384    0.609377     0.36427    0.348962    0.266692    0.318049
     0.23779     1.22885    0.508473     1.05043    0.530838     1.22885    0.508473    0.539583     0.73756       1.068           0    0.622862    0.774008           0    0.756156     1.36491     2.01949    0.747517    0.538277    0.511025    0.500144     1.36163     1.12877    0.319682     0.26156    0.616023    0.733838    0.798679     1.16432    0.253347     1.06361    0.730519    0.743088     1.20155    0.589592     1.46712     1.56934     1.00415    0.874167     1.35759     0.52467
     0.31139     0.70317    0.478641    0.927173    0.683679    0.420512    0.337551    0.878112    0.600165     1.21861           0    0.591608     1.20962    0.318396     1.35172    0.920744    0.829415    0.844915      1.2331    0.961251           0           0           0    0.557917    0.529968    0.523913      1.3415     1.02576     1.31679    0.318689    0.457853    0.956879    0.777989    0.470655           0     1.49497    0.882759    0.877422    0.615136    0.665261    0.592576
     0.37348     2.19497     1.09544     1.01186     1.10556     1.08171    0.630768     1.01186     1.10556    0.731555           0    0.513203    0.504866    0.584465    0.601506    0.702989     1.08255    0.998357     0.73183    0.715019    0.817801      0.6293    0.875546     1.32987           0    0.454475    0.598765           0     1.29407           0           0    0.665476     1.28047    0.761886    0.607469    0.963584     1.21935    0.578413    0.738422     1.35994    0.558022
       0.443     1.05318     1.15093    0.679173     1.07107     1.07794    0.808177           0           0     1.74418     1.18428    0.887742     1.38429    0.633904      1.0215    0.729314           0     0.70513    0.906998    0.937642           0    0.984749    0.883759    0.955529    0.718448    0.806581    0.422379     2.41939           0     0.66671    0.534983           0      1.2154    0.984749    0.883759     1.31399     2.04977           0           0    0.470128     1.17619
     0.54637     1.26674    0.888231    0.578635     1.63129    0.788777     1.07735    0.536595           0     1.15919           0     0.96485    0.873756    0.667781    0.787556    0.950746      1.2553     1.40638           0     0.70875    0.580402           0     1.65668    0.951703           0    0.411127    0.454918     1.15308           0           0     1.39882     1.63811           0    0.763049           0           0           0    0.854245     1.12522           0           0
     0.63531     1.27344     1.74407     1.29087           0    0.948454           0     1.38207           0     1.83556    0.934196           0     1.27402    0.476338    0.896506     1.19784     1.24668     1.14863     1.00842     1.49763           0     1.38748    0.956116     1.39207           0     1.14863     1.00842           0           0    0.869955     1.00987           0     1.44743           0           0    0.736968    0.676294    0.670056           0      1.1035    0.828607
