RedBook Building (10 Storey 2D Frame) - EDP|IM Data for -EDP6 / Peak Inter-Storey Drift Ratio / Floor3
   11   40           (41g12.7)
     0.02082    0.136193   0.0846085    0.106469    0.067297   0.0863904    0.121498   0.0466967   0.0545883   0.0729611   0.0641431   0.0671307   0.0693538    0.201641   0.0984621   0.0824678   0.0763213   0.0779071   0.0797797   0.0726311    0.121469    0.109678   0.0605915   0.0963331   0.0915599   0.0695589   0.0548881   0.0623764   0.0437312   0.0246631   0.0422728   0.0709249   0.0800032   0.0900978    0.110862   0.0663899    0.063381    0.135832    0.112161   0.0594727   0.0883791
     0.05283    0.194414    0.133117    0.209161    0.190241      0.1537    0.288578    0.228024    0.203738    0.270105    0.220013    0.211963    0.163028    0.220983    0.211005    0.172949    0.292602    0.129705   0.0907705    0.164985    0.216954    0.340391    0.211703    0.252092    0.170906    0.297358    0.256363    0.306384    0.284427    0.274067    0.207293    0.401642    0.470729    0.207651    0.160604    0.258361    0.241385    0.343484    0.194882    0.220178    0.185079
     0.08703    0.282094    0.328762    0.358669    0.121858    0.344959    0.275189    0.336178    0.370908    0.346954    0.182349    0.606643    0.347418    0.529416     0.49194    0.583704    0.253424    0.455403    0.288038    0.312501    0.280873    0.212677    0.465308      0.3352     1.03226    0.323142    0.293285    0.346954    0.182349     0.36398    0.349943    0.322303    0.298307    0.249869    0.210808    0.254284    0.204367    0.347193    0.319369    0.338089    0.484577
     0.14369    0.426224    0.489891    0.292625    0.408185    0.614475     1.04741    0.876941    0.369218    0.428727    0.519697    0.899796    0.617059    0.679903    0.684464    0.414088    0.460474    0.102411    0.428997    0.421336    0.515645    0.331865    0.406207     0.81053    0.640572    0.606876     0.54084    0.449418    0.739369    0.582635    0.319827     1.04643    0.568345    0.561221    0.549955    0.718396    0.615441    0.343655     0.58824    0.682532    0.467935
     0.18869    0.885349    0.629202    0.472052    0.580004    0.289088     1.66067     0.39696     1.04348     1.04869    0.691286    0.611941    0.474366    0.670382    0.741574    0.504345    0.590186     1.03762     1.59314    0.905834    0.780265     1.01173     1.22417    0.452645    0.418591    0.571082     1.09589    0.407555    0.485502     1.14688    0.867231     1.55483     0.28076     1.09796    0.927011     1.33585    0.712067    0.381037    0.383643    0.292435    0.316135
     0.23779     1.50743    0.492741     1.21185    0.620091     1.50743    0.492741    0.682717    0.800218     1.36659           0    0.876398    0.880373           0    0.872079     1.30763     2.14983    0.863354    0.628406    0.624465    0.463916     1.89441     1.23376    0.319087    0.360175    0.682778    0.714722    0.891455     1.27254    0.256738     1.19665    0.735141     0.85991     1.39678    0.625662     1.53359     1.74285     1.17067     1.00617     1.61923    0.596281
     0.31139    0.816337    0.430617     1.26561    0.793621    0.492608    0.369617     1.07674     0.68152     1.53483           0    0.607291     1.53219    0.371438     1.63159     1.18016    0.904628     1.00127     1.35998     1.08593           0           0           0    0.638224    0.604226    0.517238     1.76886     1.30452     1.56424    0.354044    0.517556     1.12493    0.968422    0.711503           0     1.70011    0.925842     1.03562    0.837902    0.669398     0.65594
     0.37348     2.28259     1.19014     1.14749     1.26065     1.37983    0.841492     1.14749     1.26065    0.820279           0    0.581859    0.544618      0.7796    0.629024    0.861561     1.42464     1.05034    0.912552    0.815224     1.11606    0.795435    0.954289     1.47789           0    0.625342    0.849206           0     1.43803           0           0    0.717843     1.52399    0.772984    0.796524     1.17438     1.24631    0.662049    0.965505     1.57295    0.604234
       0.443     1.19429     1.56828     0.91302     1.38616     1.39664    0.905454           0           0     2.16601     1.36291     1.13312      1.5677    0.800905      1.3679    0.813197           0    0.879429     1.17887      1.2035           0     1.15883     1.23285     1.02526    0.942033    0.948515    0.542089     2.62477           0    0.790981     0.76582           0     1.24013     1.15883     1.23285     1.43834     2.40753           0           0    0.457611      1.5515
     0.54637     1.41405     1.15031     0.71493     2.09853     1.09874     1.25716    0.486681           0     1.56642           0     1.01262     1.29173    0.896884     1.08551     1.36093     1.57803     1.84128           0    0.854869    0.842451           0      2.0902     1.14776           0    0.468251     0.63327     1.46682           0           0     1.53879     2.22585           0    0.873627           0           0           0    0.984348     1.55694           0           0
     0.63531     1.67262     2.02497      1.5462           0     1.02631           0     1.64784           0     2.27869     1.14795           0     1.59566    0.751114      1.1259     1.30173     1.59871     1.40967     1.39717     1.55851           0     1.89939     1.20268     1.46418           0     1.40967     1.39717           0           0     1.16351      1.0195           0     1.63095           0           0     0.93195    0.886785    0.847817           0     1.18315     1.27765
