RedBook Building (10 Storey 2D Frame) - EDP|IM Data for -EDP15 / Peak Horizontal Floor Acceleration / Floor7
   11   40           (41g12.7)
     0.02082  0.06396032   0.0674605   0.1355163   0.1123973   0.0776053  0.07329602  0.02171419  0.02580344  0.03098965  0.02514106  0.09896639  0.06966651   0.1081544   0.0678844  0.03648851  0.02466942    0.015537  0.01921715  0.02729857   0.0396379  0.02182732  0.01354279   0.2277982   0.2285482  0.01671233  0.01392003  0.04463122  0.04225385  0.00834475  0.01318976  0.06304044   0.0356472   0.0228185  0.02524164  0.07395176  0.05292696   0.1019574  0.09722903   0.0381843  0.03153728
     0.05283   0.1031356  0.08988438  0.09970823  0.06858458   0.1215729   0.1251052  0.06092808  0.04852044   0.1254554   0.1422436   0.2091279   0.2059817   0.1810793   0.1711863   0.1363346   0.1134353  0.03715573  0.03095759   0.1187161   0.1011681  0.09558631   0.1131583  0.06738568  0.06002457  0.06197345  0.06461827  0.07483346  0.06360375  0.08345635  0.07573484   0.2100846   0.2049381  0.04725907  0.03828048  0.05283761  0.06465736   0.1388772   0.1305291   0.1215902   0.2340334
     0.08703  0.06822862   0.0704645   0.1422946  0.06281358   0.1274674   0.1226532  0.07930849  0.07761549    0.183292   0.2391802   0.1417683   0.1665729   0.1322023   0.1374885  0.09856149  0.07914952  0.08280617  0.06113779   0.0994078  0.09156279   0.1088285   0.1245943   0.1140145   0.1058453  0.07876246  0.08841993    0.183292   0.2391802  0.07353247  0.06973423    0.203055   0.2290102  0.09355576   0.1270255   0.1080757   0.1929508   0.1159065   0.1345729   0.2129274   0.1565813
     0.14369   0.1520405   0.1720767   0.1547039   0.1462867   0.1202329   0.1403588    0.104296  0.06740568    0.115866   0.1080349  0.09055545   0.1310028   0.1078782   0.1026595   0.2029355   0.1540426   0.0656145   0.1492987   0.1242294    0.143212  0.08058377  0.08583417   0.1817722   0.3304743   0.1203968   0.1288606   0.1659885   0.1769684   0.2035708   0.2143588   0.1106175   0.1178573  0.09066058  0.09765308   0.1305204  0.09330479   0.1429732   0.1407633   0.2526323   0.1926934
     0.18869   0.1200148  0.09405087   0.2082752   0.2596198   0.1597209   0.4328619   0.1141185   0.1384972   0.1116713   0.1161577   0.1681292   0.1328076   0.2140359   0.1273384   0.1459404   0.1624674   0.2157681    0.250235   0.1001948  0.09320966  0.09564128   0.1395719    0.350656   0.3092964   0.1307054   0.1343043  0.09601058    0.118605   0.1471491   0.1434123   0.4537187   0.4744197    0.257052    0.244555   0.1390981   0.1265466   0.1184052   0.1203909  0.07885199  0.07456741
     0.23779   0.1410262   0.1508665   0.1969725   0.1899845   0.1410262   0.1508665   0.1406078   0.1332658   0.3179732           0   0.1941338   0.2074679           0   0.1909738   0.4905823   0.5220189   0.1611672   0.1626868   0.1155589  0.09622653   0.2065479   0.3173657   0.1662936   0.1245443   0.1422457   0.1095675   0.1651909   0.1799139    0.156723   0.2434386   0.4481891   0.4484646   0.1293647   0.1017087   0.5881478   0.3251506   0.3447752   0.2288919   0.1787309    0.128511
     0.31139   0.1517528   0.1676868   0.2635099   0.3355772   0.1154709  0.09606794   0.1490087   0.1781445    0.151119           0   0.1585502   0.1627622   0.1413186   0.2023583   0.1384401   0.1186412    0.298052    1.435354   0.2220744           0           0           0   0.1390479    0.175815   0.2169969   0.2172788   0.3906685   0.2572115  0.09906343  0.09821585   0.1720278   0.1587587   0.1699768           0   0.1687373   0.2034488   0.1233135   0.1551129   0.1111007   0.1197311
     0.37348   0.9614345   0.2264659   0.1430925   0.1207849    0.211317   0.2341182   0.1430925   0.1207849    0.133804           0    0.209235   0.2977961   0.2144809   0.1781427   0.3302204   0.2867625   0.2036292   0.2252477   0.1448797   0.1498236   0.2987337   0.2131916    0.269684           0   0.1242018    0.157907           0   0.1793871           0           0   0.1539258   0.1942454   0.2158573   0.1915015   0.1836634    0.427037   0.2278425   0.2146603   0.5570433   0.2092156
       0.443   0.2615415   0.2394738   0.1602836   0.2075413   0.2530385   0.2110989           0           0   0.2822627   0.2065571   0.3016575   0.4127854   0.1818349   0.2211261   0.2622156           0   0.1191865   0.1687666   0.1992933           0   0.1448145   0.1909916   0.2305484   0.2253073   0.1530754   0.1608239   0.7609034           0   0.1067362   0.1532138           0     0.49038   0.1448145   0.1909916   0.7370637    1.812179           0           0   0.2880031   0.3307862
     0.54637    0.271896   0.2357984   0.2659299   0.4175061   0.2246967   0.2030581   0.2091771           0   0.3455635           0   0.1485168   0.1965097   0.1692166    0.171882   0.2665818    0.274287     0.20967           0   0.1352648   0.1850227           0   0.3616965   0.3059567           0   0.1531679   0.2247001   0.2503277           0           0   0.2334128   0.2433091           0   0.2283552           0           0           0   0.2201812   0.1967561           0           0
     0.63531   0.2885652    1.272179   0.2140558           0   0.2497683           0   0.2185905           0   0.2731124   0.2851794           0   0.3082946   0.2490617   0.1543285   0.2636098   0.1777401   0.1811764   0.2490566   0.3519817           0   0.2422714   0.2027872    0.276331           0   0.1811764   0.2490566           0           0   0.2638191   0.2313318           0   0.4006129           0           0   0.1548805   0.2098277   0.3151952           0   0.1455747   0.2129475
