RedBook Building (10 Storey 2D Frame) - EDP|IM Data for -EDP12 / Peak Inter-Storey Drift Ratio / Floor6
   11   40           (41g12.7)
     0.02082    0.151536    0.111061    0.110673   0.0610018    0.086785    0.111831   0.0632738   0.0561772   0.0543025   0.0602664   0.0751609   0.0560048    0.251182   0.0796142   0.0716218   0.0688879   0.0578648   0.0683644   0.0604827    0.122297   0.0769266   0.0610816     0.10805    0.107604   0.0559145   0.0419386   0.0709658   0.0496989   0.0248796    0.039608   0.0649059    0.089536   0.0640731   0.0880832   0.0723739   0.0598188    0.164085   0.0987118   0.0568674   0.0927137
     0.05283    0.179657    0.108323    0.160679    0.158764    0.214107    0.237627    0.254759    0.164945    0.183287     0.16288    0.220396    0.162063     0.24174    0.174438    0.198137    0.193519    0.115579    0.105333    0.153485    0.172952    0.236349    0.196892    0.176151    0.148222    0.193126    0.163703    0.195714    0.198972    0.213455    0.199161    0.248519    0.304758    0.169606    0.164166    0.188331    0.181225    0.224363    0.236578    0.200175    0.262995
     0.08703    0.201394    0.213077    0.288599    0.119099    0.275036    0.230162    0.205529    0.222854    0.432739     0.21309    0.304907    0.346629    0.358974    0.313724    0.291637    0.197708    0.298207    0.199083     0.22963    0.187671    0.192499    0.275933    0.225731    0.354852    0.192174    0.260161    0.432739     0.21309    0.198968    0.225804     0.24311    0.226469    0.180305    0.190467    0.218188    0.197984    0.253263    0.284471    0.319243    0.287935
     0.14369    0.245307    0.399701    0.295848    0.299708    0.426514    0.472662    0.357249    0.234113    0.321647    0.248065    0.298704     0.34043    0.355079    0.348014    0.334708    0.429655    0.183363    0.614663    0.298501    0.339927    0.244392    0.286957    0.446613    0.455056    0.447352    0.351312    0.561136    0.307096    0.384571    0.335983     0.42229    0.451231    0.299276    0.322524    0.470908    0.307937    0.361866    0.437279    0.345743    0.253173
     0.18869    0.363638    0.287687    0.361207    0.327061    0.346506     0.70791    0.339432    0.430089    0.468339      0.3729     0.41803    0.301376     0.90408    0.368109    0.530909    0.351888    0.368411    0.752737    0.432168    0.297644    0.385438     0.47519    0.698037    0.434535    0.389166    0.597181    0.278526    0.391487    0.671503    0.740531    0.624346     0.40704    0.815929    0.483397    0.522128    0.360328    0.313329    0.299553    0.270775        0.27
     0.23779    0.630038    0.606089    0.544501    0.453289    0.630038    0.606089    0.444389    0.474429    0.718488           0    0.642285    0.537982           0    0.512795    0.761544     1.54194    0.375393    0.412409    0.356659    0.278243     1.53731    0.630865    0.342327    0.382014    0.357894    0.305862    0.474246    0.649972    0.199535    0.425921    0.425004    0.703836    0.581048      0.4009    0.721808    0.883882    0.802494    0.416364    0.774483     0.45315
     0.31139    0.504379    0.689352    0.842306    0.879452    0.409283    0.322396    0.541978    0.671013    0.896879           0    0.401917    0.870719     0.43163     1.06228    0.559882    0.484968    0.544397    0.546845     0.59145           0           0           0    0.427979    0.463556    0.475344     1.04056     0.61182    0.776087    0.334949    0.299473    0.838685    0.859288    0.998402           0     0.84783    0.871328     0.41742    0.594431    0.363417    0.497802
     0.37348    0.930806     1.15916    0.678142    0.543139     0.85507      0.7622    0.678142    0.543139    0.505797           0    0.498528    0.775018    0.829447    0.427929    0.654509     1.05202    0.699606    0.651994    0.409251    0.773535    0.665221    0.663167     1.35476           0    0.507834    0.593698           0    0.699761           0           0    0.493599      1.0153    0.343272     0.63789    0.771404     1.27715     0.62951    0.733937     2.38873    0.453816
       0.443     1.08098      1.5114    0.583871    0.902116    0.863077    0.944466           0           0     1.06891    0.890035     1.57943     1.02437    0.649374     1.45925    0.649151           0    0.526102    0.847929    0.913988           0    0.615253     1.02163    0.450492    0.802598    0.578478    0.696878     1.72198           0    0.394111    0.702339           0     0.56221    0.615253     1.02163    0.602868     1.40662           0           0    0.366617      1.1656
     0.54637    0.654155     1.06194     0.81581     1.59839     1.27663     1.28022    0.552872           0     1.65572           0    0.510871     1.13157    0.654203    0.810571     1.65504      1.1262     1.34003           0    0.462321    0.912646           0     1.22778    0.822436           0    0.504513    0.680887     1.92886           0           0    0.726931     1.80891           0       1.026           0           0           0    0.995609     1.76092           0           0
     0.63531     2.28199     1.34935     1.56611           0     1.16117           0      1.0023           0     3.03452     1.10837           0      1.1876     1.05834    0.712867     1.43325     1.18009    0.956802     1.41141     1.82183           0     2.20834    0.876712      1.2197           0    0.956802     1.41141           0           0    0.763974    0.951402           0     1.83908           0           0     0.55948     1.04726    0.954803           0    0.540946      1.3057
