RedBook Building (10 Storey 2D Frame) - EDP|IM Data for -EDP14 / Peak Inter-Storey Drift Ratio / Floor7
   11   40           (41g12.7)
     0.02082    0.142726    0.104383    0.100286   0.0605499   0.0922113    0.103353   0.0666176    0.061391   0.0483056    0.064178   0.0761956   0.0466565    0.241075   0.0900065   0.0626746   0.0610357   0.0495295   0.0624375   0.0479376    0.116799   0.0624407   0.0593804     0.10534    0.089346   0.0478417   0.0351769   0.0702581   0.0459624   0.0219331   0.0357377   0.0746663     0.10158   0.0586011   0.0735596   0.0858612   0.0530612    0.175076    0.111953   0.0578594    0.103356
     0.05283    0.158485    0.114469    0.150858    0.138503    0.162949    0.243955     0.31177    0.161626    0.199697    0.174022    0.241189    0.165432     0.24896    0.190283    0.147831    0.158722    0.115389   0.0991553    0.149729    0.179265     0.21544    0.187907    0.159926      0.1536    0.164688    0.155183    0.156547     0.17055     0.20103    0.179609    0.197586    0.232142    0.145751    0.162797    0.168283    0.157086    0.215317    0.247872    0.211635    0.303178
     0.08703    0.187618    0.186121    0.224986   0.0987537    0.228938    0.179724     0.17694    0.171315    0.430319    0.154852    0.247356    0.328595    0.305523    0.245003    0.238888    0.212677     0.22835    0.174076    0.227898    0.158137    0.225032    0.274695    0.194317    0.275194    0.153896    0.225456    0.430319    0.154852    0.167003    0.177174    0.270876    0.236982    0.184815    0.151943    0.211276    0.174632    0.260746    0.256843    0.259173    0.297869
     0.14369    0.220236    0.325679    0.282795    0.335865    0.300958    0.388492    0.255399    0.182177    0.235536    0.188885    0.242831    0.257465    0.279064    0.287848    0.375839    0.426284    0.199393    0.428637    0.264149    0.303326    0.193182    0.238504    0.366221    0.392515    0.331065    0.271959    0.509679    0.228944    0.379732    0.320855    0.259943    0.398353    0.301344    0.259069     0.31556    0.233497    0.330939    0.299687    0.318262    0.223171
     0.18869    0.297664    0.218674    0.280192    0.287116    0.321443    0.581414    0.281627    0.322657    0.301584    0.286777    0.390162    0.256697    0.792356    0.285268    0.421132    0.310763    0.287334    0.410048    0.265664    0.237575    0.259332    0.286657    0.650107    0.379624    0.291299    0.397587    0.219146    0.312414    0.467068    0.431761    0.758748    0.413252    0.615294    0.430105    0.373116    0.285578    0.269515     0.26939    0.227773    0.213594
     0.23779    0.407312    0.430022    0.346873    0.369786    0.407312    0.430022    0.355256    0.295193    0.378018           0    0.538489    0.390527           0    0.373505    0.520547     1.59884    0.308076    0.313771    0.282299    0.244296    0.800729     0.59276    0.322622    0.319355    0.251684    0.223217    0.307269    0.412015     0.18233    0.286956    0.453003    0.575681     0.33364    0.316964    0.487549    0.548223    0.488793    0.247571    0.406899    0.381557
     0.31139    0.405855    0.542086    0.621439    0.708939    0.320079    0.255389    0.427502    0.493384    0.477668           0    0.321849    0.495656    0.414201    0.822704    0.340517    0.331269    0.417905    0.369474    0.417623           0           0           0    0.381414    0.357173    0.343826    0.662609    0.412741    0.402867      0.2802    0.250396    0.622998    0.660266    0.688771           0    0.459753    0.546204    0.268499    0.353153    0.340631    0.341659
     0.37348    0.529111    0.739641    0.404029    0.352789     0.54577    0.541792    0.404029    0.352789    0.320382           0     0.46745    0.575551    0.524876    0.439513    0.560512    0.758582    0.542183    0.450424    0.336589    0.419377    0.536838    0.472922     1.10055           0    0.350982    0.341597           0    0.445724           0           0    0.378074    0.621117    0.334949    0.528817    0.539031    0.911261    0.488544    0.540801     2.38632    0.396444
       0.443     1.02359     1.00621    0.414205    0.504556    0.465219    0.603646           0           0    0.685902     0.63432     1.35105    0.578139    0.517896     1.11536    0.481044           0    0.388603    0.532667    0.671739           0    0.365996     0.59329    0.385319    0.589338    0.372966    0.543832     1.10906           0     0.27603    0.481612           0    0.439394    0.365996     0.59329    0.420044    0.752156           0           0    0.281531    0.674156
     0.54637    0.464067    0.663745    0.758521     0.80959    0.978284    0.870632    0.756894           0     1.37084           0    0.340523    0.725047     0.42318    0.498548     1.37366    0.699174     1.03878           0    0.321169    0.663224           0    0.621931    0.568557           0    0.390563    0.530499     1.58128           0           0    0.466022     1.00773           0    0.875198           0           0           0    0.871353     1.32798           0           0
     0.63531     1.98657    0.677622     1.30172           0     1.07009           0    0.742859           0     2.33038    0.821174           0    0.869993    0.948133     0.51133     1.19904    0.690145    0.566087     1.02261     1.31231           0     1.91055    0.701026    0.945064           0    0.566087     1.02261           0           0    0.618162    0.696539           0     1.86446           0           0    0.375781    0.830712    0.908953           0    0.323534    0.898349
