RedBook Building (10 Storey 2D Frame) - EDP|IM Data for -EDP3 / Peak Horizontal Floor Acceleration / Floor1
   11   40           (41g12.7)
     0.02082  0.07669126   0.0775801   0.1206091  0.09288996   0.0654449  0.07346998  0.01999997  0.02662653  0.02526012  0.02370079   0.1038229  0.05681101   0.1217077  0.08187742  0.02708193  0.02280864  0.01697299  0.01081351  0.02433196  0.02782413  0.01188532   0.0114383   0.2265938   0.2067385  0.01828657  0.01275293  0.04381147  0.04537653  0.00831067 0.009181465  0.05886007   0.0552002  0.01434964  0.01588415  0.09975979  0.06750943   0.1128275  0.09813265  0.03170642  0.03107092
     0.05283  0.08016468  0.09159697  0.07314396  0.05724643   0.1669422   0.1154628   0.1091167  0.04076165   0.1200872    0.114922   0.1843563   0.2123815   0.2483889   0.1763667   0.1112087  0.07659992  0.02658389  0.03279857   0.1033919  0.09433211  0.08442915   0.1105655  0.03956781  0.05700635    0.034075  0.05086924   0.0491896  0.03637118  0.07942961  0.06678718   0.2885556   0.3310889  0.03435859  0.03434506  0.03531802  0.03504801  0.09687497   0.1387227   0.1177676    0.166078
     0.08703  0.04114128  0.04631557   0.1894521  0.06599885   0.0922292   0.1203973  0.04822755  0.04951929    0.217119   0.1830586   0.2004154   0.1690986   0.1126924  0.09500545  0.08038206  0.07663061  0.04965668  0.03237877   0.1202775  0.07887467   0.1222918    0.122607  0.07450961  0.09043056   0.0653919  0.05712452    0.217119   0.1830586  0.04266002  0.03497857   0.2442169   0.2652806  0.08586333   0.1342994  0.09414029   0.1416881   0.1427543    0.114686   0.2139918   0.1613869
     0.14369   0.2204085   0.1544763   0.1812819   0.1436881   0.1432852   0.1583718  0.09033073   0.0500092   0.1041965  0.09733532  0.07301914   0.1132477   0.1171208   0.1078201   0.1898846   0.2165201  0.08090556   0.1785097  0.08274475   0.1361927  0.05774936  0.06291175   0.1657215   0.3135375   0.1137673   0.1230104    0.202446   0.1958593   0.1805176    0.204761    0.107156  0.09577441  0.09979065  0.07258407  0.08607141  0.06737969   0.1154931   0.1119409   0.2953606   0.2378061
     0.18869  0.09225229    0.065717   0.2442926   0.2362862   0.1774549   0.4330408   0.1222824   0.1309758   0.1113535   0.1016749   0.2385377   0.1254837    0.227581     0.11337   0.1718919   0.1647938   0.3174873   0.2286978  0.07204447  0.08693754  0.07861662   0.1137309   0.3522212   0.2920247    0.167199   0.1497569   0.0770173  0.09907141   0.1620945   0.1832905   0.7685477   0.4586888   0.2766771   0.2855775   0.1425642   0.1041335  0.08933053   0.1226287  0.06817508  0.08070505
     0.23779   0.1603626   0.1522938   0.1731348   0.2069544   0.1603626   0.1522938   0.1114893   0.1485923   0.3212355           0   0.2889044   0.2708647           0   0.1451335   0.5306909   0.5932691   0.1436983   0.1625892   0.0931765   0.1027735   0.2794495   0.3743076     0.16938    0.180961   0.1712602    0.101233   0.1885596   0.1679495    0.160818    0.233936   0.6444444   0.5425171   0.1207655  0.08960994   0.8077933    0.553985   0.3985872   0.3235477   0.1638099   0.1307487
     0.31139   0.2875675   0.1922701   0.3327941   0.3509192   0.1289266  0.09376521   0.2006412    0.196736   0.1319834           0    0.182158   0.1787342   0.1517788   0.3311753   0.2163496   0.1067574   0.3026366    2.092722   0.1907576           0           0           0    0.145867   0.1782222   0.1925607   0.2531312   0.4331091   0.2894867  0.08275553   0.1044686   0.2397622   0.1680961   0.2444348           0    0.218423   0.1756157   0.1053677   0.1660846   0.1495884   0.1447933
     0.37348    1.384059   0.2546045   0.2335966   0.1330028   0.2491843   0.2932143   0.2335966   0.1330028   0.1662676           0   0.2595601   0.3714975   0.2025655   0.2558983    0.359409   0.3824401     0.25787   0.2251901   0.1883354   0.2015973   0.2309623   0.2466748   0.3501223           0   0.1120693   0.1565033           0   0.3570813           0           0   0.2412793   0.2122824    0.282489   0.2836932   0.2768369   0.4033389   0.2777653    0.270158   0.5823616    0.262645
       0.443   0.3405461   0.2361718   0.2136623   0.2357159   0.2406376   0.2668091           0           0   0.3896651   0.2781848   0.5676394   0.5392026    0.194305   0.2344404   0.2576506           0   0.1396473   0.1662992   0.3003504           0   0.1762793   0.3244467   0.2788573   0.3290138   0.2232768    0.221855   0.8371659           0   0.1019726   0.1547959           0   0.6672977   0.1762793   0.3244467   0.3066142    3.563331           0           0   0.2632742   0.3662541
     0.54637   0.2967069   0.3901751   0.3195451   0.3684136   0.2812971   0.2656216   0.4144689           0   0.3768879           0   0.1737594   0.2079799   0.2016246   0.2547612   0.3609427   0.2824136   0.2811109           0   0.1270268     0.23663           0   0.4705563   0.3038996           0   0.1761137   0.2218524   0.3314006           0           0   0.2855706   0.2655578           0    0.399028           0           0           0   0.2267232   0.2899411           0           0
     0.63531   0.3856075    2.186412   0.2625979           0   0.3809378           0   0.4744467           0    0.518277   0.4173953           0   0.4476718   0.2704241   0.1856468   0.3360884   0.2240064   0.2144238   0.3328415   0.5739794           0   0.3469829   0.3096019   0.4535008           0   0.2144238   0.3328415           0           0   0.3335571   0.3008168           0    0.953249           0           0     0.13767    0.296778    0.327643           0   0.2005433   0.2567159
