RedBook Building (10 Storey 2D Frame) - EDP|IM Data for -EDP18 / Peak Inter-Storey Drift Ratio / Floor9
   11   40           (41g12.7)
     0.02082    0.102749   0.0823893   0.0933536   0.0575613   0.0719216   0.0727407    0.048415   0.0530683   0.0384627     0.05219   0.0970839   0.0569899     0.14979   0.0860907   0.0504841    0.049346   0.0351353    0.038848   0.0304322     0.07623   0.0328782   0.0372928     0.12546    0.118381   0.0246306   0.0191517   0.0500869   0.0418264   0.0142254   0.0218267    0.054297   0.0757093   0.0350973   0.0412354   0.0675282   0.0473664    0.155789   0.0894258   0.0523223   0.0870853
     0.05283     0.14643   0.0882987    0.121896   0.0950033    0.178534    0.197849    0.225527    0.110281    0.137701    0.164503    0.213613    0.131113    0.179963    0.134757    0.132974    0.149749   0.0786648   0.0753446    0.167242    0.152028    0.147611    0.146269    0.100874     0.10709   0.0905816   0.0915429    0.100442    0.100217    0.120659    0.110827    0.136847    0.137439   0.0802856     0.11017    0.102374   0.0977612    0.149663    0.171828    0.174627    0.269193
     0.08703    0.130274    0.107825    0.132062   0.0596213    0.152434    0.135788    0.117767    0.107045    0.230201    0.223582    0.188508     0.18584    0.175923    0.181647    0.117258    0.179769    0.118919    0.106007    0.199427    0.125337    0.189638    0.179722    0.121739    0.144034    0.102591    0.139064    0.230201    0.223582   0.0967536    0.104476    0.179952    0.148673    0.143421    0.125091    0.150276    0.175029     0.19727    0.175768    0.193737    0.187463
     0.14369    0.183891    0.175354    0.215553    0.226729    0.172228    0.204861    0.127438   0.0959847    0.134918    0.108183    0.135478    0.154705    0.138984    0.154553    0.198741    0.256309    0.157248    0.198632    0.174254    0.188021    0.120146    0.142214    0.241594    0.281533     0.21081    0.180114    0.257838     0.16265     0.25958    0.273931    0.156848    0.190283    0.179155    0.145627    0.160141    0.126887    0.165225    0.148862    0.213598    0.183697
     0.18869    0.144205    0.137916    0.223091    0.283405    0.201464    0.309381    0.174843    0.186552    0.147258    0.149354    0.264959    0.153528    0.366395    0.135923    0.180337    0.168202    0.201801    0.194524    0.144221    0.155699    0.146112    0.145085    0.360032    0.328717    0.185778    0.207987    0.137601     0.15786    0.211076    0.213719    0.584563    0.281913    0.273555     0.25422    0.203868    0.201695    0.156935    0.189906    0.136686    0.141974
     0.23779    0.237356    0.211365    0.191276    0.293134    0.237356    0.211365    0.215902    0.148512    0.176487           0    0.383227    0.220159           0    0.173918    0.235774    0.303429    0.165653    0.183584    0.148528     0.13234    0.320842    0.238047    0.236417     0.19251     0.13497    0.156983    0.194974    0.171717     0.16617     0.21181    0.429028    0.310883    0.178419      0.1628    0.228014    0.194993    0.213204    0.165165    0.192252    0.200752
     0.31139    0.220159    0.238126    0.244979    0.321212    0.156459    0.140867    0.219519     0.20922    0.183795           0    0.191226    0.172469     0.23032    0.283675    0.162171    0.166788    0.232239    0.237666    0.234949           0           0           0    0.194541    0.230734    0.244709    0.223898    0.287147    0.208753    0.142206    0.150856    0.252542    0.220415    0.267009           0    0.248917    0.207201    0.155887    0.188788    0.205464     0.17058
     0.37348    0.274033    0.234161    0.190884    0.184363    0.216044    0.268834    0.190884    0.184363    0.173235           0    0.360385    0.401014    0.205385     0.29563    0.446631    0.493497    0.216183    0.291325    0.202327    0.180062    0.286227    0.233059    0.449021           0    0.169774    0.154538           0    0.206801           0           0    0.217356    0.213946    0.244118    0.272503    0.210583    0.234416    0.260662    0.255719    0.271343    0.313278
       0.443    0.419876     0.20731    0.203005    0.187804    0.186747    0.221574           0           0    0.269323    0.254635    0.594979    0.314888    0.293147    0.342111    0.305474           0    0.183848    0.227519    0.243157           0    0.201012      0.2675    0.290783    0.312794    0.176844    0.246185    0.336295           0    0.150725    0.185083           0    0.348247    0.201012      0.2675    0.248007    0.225528           0           0    0.202683     0.24125
     0.54637     0.36487    0.354947    0.307205    0.304401    0.243681    0.281466    0.449738           0    0.503536           0    0.193469    0.239358    0.189064    0.175365    0.307617    0.237528    0.319243           0    0.167171    0.225637           0    0.267418    0.340842           0    0.200019     0.24861    0.327109           0           0    0.278065    0.257109           0    0.280361           0           0           0    0.412254    0.247341           0           0
     0.63531    0.412108    0.343271    0.372025           0    0.308087           0    0.350923           0    0.472735    0.477737           0    0.381484     0.29611    0.223022    0.332543    0.275018    0.238681    0.395462        0.37           0    0.347624    0.282164    0.357481           0    0.238681    0.395462           0           0    0.317591    0.256846           0    0.483555           0           0    0.184428    0.260719    0.393252           0    0.212896    0.255558
