RedBook Building (10 Storey 2D Frame) - EDP|IM Data for -EDP10 / Peak Inter-Storey Drift Ratio / Floor5
   11   40           (41g12.7)
     0.02082    0.137742   0.0983909    0.125563   0.0744149   0.0859668    0.116401   0.0552012   0.0451873   0.0654309   0.0481588   0.0962941   0.0618699    0.201205   0.0780867   0.0713573   0.0683029   0.0653118    0.072004   0.0695628    0.118905   0.0899787   0.0596386   0.0991474    0.107829   0.0614453   0.0478514   0.0525951   0.0591797   0.0258498    0.040285   0.0637752    0.062591   0.0737326   0.0997628   0.0542594    0.059641    0.137571    0.110573   0.0683174   0.0699203
     0.05283    0.191927    0.118655    0.171294    0.179478    0.223774    0.261768    0.174748    0.160474    0.177051    0.173742    0.247642     0.17399    0.172088    0.155223    0.200915    0.228769    0.102976    0.106244     0.13405    0.142551    0.218099    0.179657    0.215456    0.152336    0.221357    0.191146    0.243979    0.223503     0.19781    0.208673    0.288321    0.362627    0.186908    0.152816    0.201516    0.201607     0.17616    0.216645    0.167504    0.278282
     0.08703    0.217899    0.270678    0.339846    0.123439    0.311126    0.266118    0.257746    0.289822    0.454939    0.251738    0.351212    0.317595    0.362799    0.372321    0.350299    0.186922    0.368934    0.222624    0.262289    0.222134    0.198121    0.268495    0.280598    0.492346    0.238588    0.315134    0.454939    0.251738    0.239847    0.279049    0.223041    0.260542    0.178652     0.20282    0.217635    0.268815    0.285519    0.270339    0.317998    0.340253
     0.14369    0.302859    0.446584    0.306222    0.387507    0.581651    0.682718    0.536007    0.290515    0.383511    0.318787    0.490401    0.453244    0.456598    0.452239    0.338047    0.414577    0.146244    0.639819    0.332891    0.414438    0.290237    0.311171    0.566199    0.588027    0.559764     0.42838    0.487831    0.437994    0.440253    0.296691    0.659649    0.417638     0.33473    0.366684    0.641105    0.441479    0.361059    0.554497    0.380311    0.314954
     0.18869    0.448558    0.406342    0.380743    0.478052     0.29837    0.934131    0.374695    0.719623    0.743284    0.526463    0.570617    0.372321    0.889351    0.549975    0.608592    0.406912    0.532893     1.19348     0.67767    0.415557    0.642586    0.790276    0.608729    0.438479    0.557321    0.858949    0.356326    0.420639    0.938199     1.00267     0.63177     0.38825    0.942379    0.716625    0.859048    0.503445    0.316128    0.344777    0.292537    0.303879
     0.23779     1.04314    0.669227    0.830817    0.569515     1.04314    0.669227    0.617626    0.682598     1.14111           0    0.955248    0.709527           0    0.684248    0.960041     1.52126    0.556891    0.545655    0.481119    0.314301     1.98257    0.851913    0.337388     0.44385    0.498028    0.397399    0.573784    0.949687    0.208201    0.758801    0.468871    0.752548    0.997671    0.519594     1.08794     1.14185     1.08962    0.637918     1.26185    0.493838
     0.31139     0.64192      0.6474     1.15698    0.834796    0.491751    0.370119    0.819609    0.752559     1.35064           0    0.478066      1.3458    0.435794     1.33252    0.922821    0.663731    0.742289    0.849474     0.74224           0           0           0     0.45781    0.528981    0.521021     1.52008    0.983652     1.15691    0.392028    0.382402    0.974197     1.01428     1.10574           0      1.3237     1.03083    0.701969    0.828536    0.411224    0.599442
     0.37348     1.49153     1.33036      1.0714    0.774612     1.27716    0.870737      1.0714    0.774612    0.701039           0    0.638745    0.752363    0.946042    0.433405    0.722549     1.26448    0.782723    0.895995    0.537729     1.11351    0.811374    0.792745     1.46888           0    0.650354    0.837358           0     1.02016           0           0    0.592803     1.40173     0.57436    0.882751    0.869661     1.32075    0.804879     1.00008     2.32008    0.535325
       0.443     1.24504     1.79634    0.794901      1.3443     1.23316     1.16075           0           0     1.66372     1.15771       1.529     1.41457    0.755804      1.5901    0.768004           0    0.751499     1.11936    0.992656           0     0.97546     1.29048    0.756246     1.08923    0.803874    0.734239     2.19997           0    0.546359    0.860974           0     0.87437     0.97546     1.29048    0.965461     1.99536           0           0    0.401939     1.60294
     0.54637     1.10128     1.43184    0.849555     2.12166     1.43976     1.47777    0.429911           0     1.98643           0     0.74774     1.38781    0.853024     1.09705     1.76912     1.39123     1.75799           0    0.650404     1.06673           0     1.75109      1.0646           0    0.558082    0.725393     1.98223           0           0     1.09894     2.30563           0     1.05581           0           0           0     1.02591     1.93575           0           0
     0.63531     2.22645     1.97436     1.73573           0     1.19675           0     1.21992           0     3.15375     1.39681           0     1.45374     1.00658    0.975714     1.53535      1.5667     1.26797      1.5921     1.87924           0     2.42134    0.998615     1.34629           0     1.26797      1.5921           0           0    0.990974     1.09561           0     1.70146           0           0    0.769819     1.18057     1.00837           0    0.811087      1.4934
