RedBook Building (10 Storey 2D Frame) - EDP|IM Data for -EDP2 / Peak Inter-Storey Drift Ratio / Floor1
   11   40           (41g12.7)
     0.02082    0.102298   0.0990817    0.115417    0.057825   0.0718481    0.101903   0.0467311   0.0554547   0.0560691   0.0505337   0.0686543   0.0514351    0.203087   0.0768715   0.0706831   0.0740458   0.0585351   0.0579181   0.0499818   0.0923522    0.080277   0.0495894    0.104334   0.0994508   0.0498453   0.0383618   0.0518448   0.0483663   0.0184463   0.0289067   0.0610697    0.089868   0.0700128   0.0789395   0.0655823   0.0486666    0.164924   0.0844385    0.057173   0.0814589
     0.05283    0.162087     0.12835    0.178008    0.147307    0.189474    0.198747    0.255215    0.160338    0.208182    0.215341    0.224211    0.141553    0.220791    0.143247    0.177236    0.227454   0.0958736   0.0711522    0.131437    0.180729    0.289021    0.190644    0.194455    0.107913    0.223039    0.193481     0.19847    0.190591    0.204066    0.161066     0.26769    0.289692    0.147196     0.13069    0.196651    0.179223    0.268823    0.163929    0.179146    0.271259
     0.08703    0.190816    0.207119    0.211277   0.0971589    0.255619    0.211129     0.21776    0.228142    0.239717    0.175389    0.364047    0.284485    0.347774    0.336897    0.351908     0.24432    0.266644    0.204375    0.220422    0.187578    0.170047    0.323357    0.231783    0.586578    0.222878    0.179266    0.239717    0.175389    0.258849    0.240356    0.244861    0.190923     0.20589      0.1466    0.180096    0.214819     0.25991    0.237933    0.249123    0.278692
     0.14369    0.302602    0.321243    0.237997    0.244099    0.376943    0.536969    0.487882     0.24695    0.259845    0.323063    0.453291     0.31156    0.396393    0.418563     0.32937    0.308327     0.11764    0.209267    0.279358    0.295374    0.199497    0.265033    0.474934    0.402485    0.346222    0.332721    0.304045    0.392063     0.34404    0.344375     0.59611    0.375622    0.355581     0.36887    0.305511    0.302223    0.234899    0.279665    0.414437    0.305391
     0.18869     0.46845    0.380651    0.317907    0.338852    0.260721    0.824855    0.308385    0.488899     0.47539    0.338194    0.309832    0.339853      0.3815    0.331386    0.314042    0.360947    0.508407    0.651468    0.400278    0.431227     0.45379     0.57619    0.319562    0.306165     0.27827    0.551756    0.236377    0.286722    0.494556    0.399365     1.27658    0.254289    0.519851    0.477436    0.527158    0.339403    0.239438    0.232381    0.173593    0.220536
     0.23779    0.650373    0.340085    0.581774    0.310761    0.650373    0.340085    0.314435    0.452803    0.544159           0    0.336588    0.450797           0    0.432991    0.915451     1.43584    0.453176    0.315319    0.302138    0.337788    0.668462    0.614654     0.23119    0.223398    0.381658    0.453814    0.428483     0.62964    0.187838     0.57839    0.433235    0.460675    0.647335    0.367748     1.00545     1.00834    0.578318    0.513791    0.715435    0.319512
     0.31139    0.384112    0.344451    0.510808    0.428132    0.266678    0.230694    0.450689    0.367214    0.640853           0    0.372761    0.604351    0.241248    0.697102    0.487678    0.504169      0.4617     0.71248    0.558351           0           0           0    0.328635    0.317622    0.330521    0.713408    0.550926    0.661912    0.220552    0.266616    0.573582    0.406658    0.329044           0    0.982183    0.514192    0.461041    0.330733    0.417604    0.372352
     0.37348     1.72655    0.617737    0.556613    0.629282    0.564793    0.399258    0.556613    0.629282    0.421207           0    0.333572     0.31952    0.376734    0.359124    0.361192    0.583863    0.558782    0.424174    0.409772    0.400715    0.355607    0.473447    0.754654           0    0.297989    0.331425           0    0.808921           0           0    0.410366    0.680986    0.479259    0.365236    0.483272    0.784374    0.368492    0.448088    0.910668    0.361379
       0.443    0.601913    0.581543    0.378477    0.523283      0.5234    0.529739           0           0    0.935053    0.695287    0.485486    0.790353    0.377845    0.476144    0.429966           0    0.431201    0.448111    0.547216           0    0.534671    0.486668    0.580436    0.418779    0.453957     0.28837     1.83888           0    0.362698    0.332664           0    0.850499    0.534671    0.486668    0.752767      1.3411           0           0    0.317173    0.583812
     0.54637    0.725182    0.503189    0.421377    0.776855    0.428269    0.584876    0.400354           0    0.667843           0    0.550409    0.380154    0.367671    0.392308    0.535842    0.713351    0.700916           0    0.380094    0.340971           0    0.811592    0.514401           0    0.282234      0.2792    0.593998           0           0    0.802162    0.809653           0    0.519501           0           0           0    0.490692    0.612373           0           0
     0.63531    0.642635     1.24265    0.686021           0      0.5938           0    0.721355           0    0.926597    0.528592           0     0.67052    0.250011    0.468186     0.66187    0.653597    0.592665    0.497383    0.808709           0    0.749188    0.489646    0.741664           0    0.592665    0.497383           0           0    0.408201    0.585278           0    0.967472           0           0    0.390808    0.367041    0.481356           0    0.615252    0.369485
