RedBook Building (10 Storey 2D Frame) - EDP|IM Data for -EDP1 / Peak Ground Acceleration
   11   40           (41g12.7)
     0.02082  0.03591295  0.03947462   0.0624473  0.08188359    0.024663  0.03623639  0.01395545  0.01419246  0.01320306  0.01411662  0.06321081  0.03974526  0.05388512  0.05267319   0.0117106  0.01193242 0.007991417 0.007328124  0.01840051  0.01947931 0.007012579 0.007899378   0.1042243   0.1666656 0.009712222  0.01019232  0.01778532  0.02565127  0.00621578 0.007155484  0.03015229   0.0266894   0.0114422 0.008986565  0.05448767  0.03535056  0.05882783  0.05889297  0.01552589  0.02911356
     0.05283  0.04086045  0.04585719  0.04002406  0.03260469  0.08919511  0.06816707  0.06197085  0.03871397   0.0631685  0.05868104  0.08537003  0.09860744   0.1300224   0.0855577  0.03971376  0.05862059  0.02924822  0.02650041  0.05152569   0.0385158  0.05241529  0.04828889  0.02759674  0.04973282  0.01974791  0.02670601  0.02356555  0.01979419  0.04634322    0.036458   0.1134659   0.1095617  0.02435821  0.02219154  0.02287166  0.02108756  0.07048603  0.06554424  0.07521662   0.1310041
     0.08703  0.02803048  0.03308981    0.125103  0.05323976   0.0672315  0.05811835  0.03802273  0.04489776   0.1958084    0.142631  0.08847982   0.1191662  0.05896901  0.07483741  0.04509123  0.04827594  0.02973048  0.01860744   0.0416947  0.03586911  0.06590102  0.08434485  0.05446544  0.06654659  0.03177849  0.04977176   0.1958084    0.142631  0.02721091  0.02793547   0.1232752   0.1009369  0.06257564  0.06051978  0.05772375  0.06506707   0.0735472  0.06493313   0.0879524    0.103682
     0.14369    0.118526  0.09854179   0.1254679  0.09328502  0.08571346   0.1051682  0.05237156  0.03975545  0.05875433  0.06512966  0.05066881   0.0730159  0.07822273  0.07390377   0.1362569   0.1479755  0.07996789   0.1736371  0.07687706  0.07581886  0.04030469  0.04096646   0.1721244   0.3087441  0.07297523  0.07834444   0.1625036  0.09970999   0.1175729    0.171788  0.07811937  0.06202671  0.05638451   0.0492685  0.06368654  0.04768573  0.06897441   0.0647894    0.137264   0.1129878
     0.18869  0.07197706  0.05561672   0.1184169    0.138524   0.1007247    0.236739  0.09040785  0.09653354  0.09873558  0.06617115   0.1398705   0.1260041   0.1901631  0.06890907   0.1190469   0.0786419   0.2017074   0.1546738  0.05535525  0.06728624  0.06280133  0.08252018   0.2467604   0.2268522   0.1096504   0.1210071  0.05292671  0.05379572   0.1059174   0.1350071   0.5512762   0.3208043   0.1497125   0.1683415  0.09828869  0.06298919  0.05884169  0.07215352  0.05301111   0.0758263
     0.23779  0.08469185   0.1137533   0.1293976   0.1201488  0.08469185   0.1137533  0.07658349  0.09040622   0.1834832           0   0.2085872   0.1640948           0   0.1085392    0.178423   0.1684404   0.1176035  0.07759735  0.05541519  0.07451519    0.275055   0.2645178   0.1296646   0.1243252  0.08475515  0.06479399   0.1345189   0.1383874  0.08491386   0.1170673   0.5852222   0.3850887  0.08122803  0.05083823   0.1418328  0.08027594   0.3760255   0.2378522  0.08010673   0.0902368
     0.31139   0.2106402    0.114581   0.2482569   0.2300754   0.1041142  0.05919042   0.1704985   0.1263496  0.09581916           0   0.1246932   0.1287513   0.1045097   0.2550163   0.1187808  0.09178175   0.1979949   0.1913537   0.1576626           0           0           0  0.09710387   0.1190714   0.1557085   0.1435036   0.3841702   0.2773293  0.05286626  0.07706116    0.158421   0.1290795   0.1681764           0   0.1109062   0.1489633  0.06955556   0.1221254  0.06796483   0.1040917
     0.37348   0.1330204   0.1786646   0.1424638   0.1100815    0.170844   0.1792885   0.1424638   0.1100815   0.1123986           0   0.2044587   0.2393405   0.1526208   0.1982783   0.2951519   0.3058114   0.2003874   0.1463527   0.1141131   0.1158552   0.1553221   0.2160183   0.2829949           0  0.09900856   0.1007709           0  0.07984832           0           0   0.1495556    0.154422   0.1672844   0.1699949   0.2112793   0.2173558   0.1749929    0.177841    0.241634   0.2003293
       0.443   0.2679205   0.1756137   0.1353537    0.137419   0.1552436   0.2154414           0           0   0.1878084   0.1604608   0.4123333   0.3643028   0.1370102   0.1909817   0.2215168           0   0.1048797   0.1395596   0.2506055           0  0.09895229   0.1737401    0.198422   0.2016371   0.1303129   0.1648451   0.2716626           0  0.08049501   0.1203272           0   0.6477156  0.09895229   0.1737401   0.1919021   0.2851713           0           0   0.1581937   0.2180938
     0.54637   0.2447227   0.2486881    0.262263   0.2463496   0.2057401   0.2209602   0.3040632           0   0.3034506           0   0.1293527   0.1721244    0.144841    0.147419   0.2572956   0.2135556   0.2084118           0  0.09927778   0.1484047           0   0.2884343   0.2732049           0   0.1390173   0.1714149   0.2533048           0           0   0.1907645   0.1669521           0    0.218787           0           0           0   0.1618451   0.1657757           0           0
     0.63531   0.2945413   0.4075464   0.2341825           0   0.2544037           0   0.3081713           0   0.4110347   0.3407727           0   0.3130866   0.2124179   0.1207625   0.2264444   0.1731131   0.1419093   0.2491641   0.4767319           0    0.263475   0.2139541   0.3593996           0   0.1419093   0.2491641           0           0   0.2371906   0.2218665           0   0.3039195           0           0   0.1154393   0.1725647   0.3049572           0   0.1504098   0.2001458
