RedBook Building (10 Storey 2D Frame) - EDP|IM Data for -EDP8 / Peak Inter-Storey Drift Ratio / Floor4
   11   40           (41g12.7)
     0.02082    0.130705   0.0861834    0.112214    0.079477   0.0711783    0.107451   0.0448719    0.045134   0.0698623   0.0539998   0.0907756   0.0709011    0.170824   0.0806054   0.0747757   0.0611306   0.0723216   0.0759394   0.0748038    0.110121    0.101283      0.0575   0.0947338    0.146501    0.065828   0.0524121   0.0483247    0.051162   0.0249143   0.0394324     0.06186   0.0650586   0.0824449    0.107408   0.0670185   0.0567473    0.109084    0.103069   0.0662825   0.0657214
     0.05283    0.180967    0.114483    0.197321     0.18681    0.163156    0.278394    0.151418    0.172019    0.214667    0.190793    0.224253    0.161291    0.167761    0.215161    0.192385    0.270342    0.109435    0.101785    0.153832    0.167437    0.277615    0.182354     0.23934    0.171293    0.256192    0.229973    0.287653    0.255685    0.221953    0.210267    0.363344    0.436613    0.195987    0.146419    0.216408    0.216374    0.278545    0.193513      0.1851    0.241015
     0.08703     0.25569    0.322919    0.352435    0.118229    0.347381    0.280863    0.304497    0.346172    0.399778    0.255522    0.477916    0.287622    0.419761    0.443455    0.465413    0.186543    0.427818    0.245479    0.286024    0.257453      0.1992    0.388274    0.323698      0.7881    0.288368    0.330649    0.399778    0.255522    0.297197    0.321941    0.260786    0.283304    0.207266    0.225779    0.246419    0.252241    0.313307    0.297668    0.342736    0.397798
     0.14369    0.357951    0.489704    0.303654    0.454236    0.650448    0.963092    0.741347    0.336414    0.439484    0.420101    0.743343    0.566171    0.587687    0.586561    0.388264    0.455849    0.116888    0.534512    0.388027    0.502433    0.327091    0.366699    0.746627    0.646481    0.623796    0.492105    0.416387     0.62468    0.523889    0.282749    0.897653    0.452228    0.454331    0.424361    0.731956    0.575014    0.355937    0.598555    0.549608    0.393304
     0.18869    0.706777    0.536995    0.416267    0.524322    0.273364     1.40389    0.375111    0.970318    0.981752     0.64514    0.641094    0.426827    0.727087    0.730215    0.552665    0.518459    0.853156     1.53462    0.871815    0.618612    0.903039     1.10392    0.502734    0.454536    0.638879     1.05126    0.409112    0.471302     1.16879     1.02973     1.15709    0.287377     1.06039    0.875887     1.24803    0.655786    0.349244    0.384257    0.293748    0.309549
     0.23779     1.42663    0.583626     1.08845    0.639213     1.42663    0.583626    0.711835    0.799071     1.38991           0     1.02873    0.821854           0    0.826245     1.12797     1.83444    0.757386    0.618325    0.616072    0.395996     2.14084     1.05694    0.305063    0.449616    0.638493    0.515474    0.732846     1.18715    0.235754     1.08488    0.552267    0.962276     1.31758    0.614094     1.35341     1.50089     1.20686    0.891431     1.58577    0.565667
     0.31139    0.729351    0.488891     1.34381    0.917437    0.536871    0.384426     1.02291    0.711818     1.60619           0    0.563301     1.62242    0.424592     1.59731     1.17305    0.805611    0.907058     1.20273    0.989801           0           0           0    0.585674     0.57803    0.508584      1.8541     1.28891     1.43092    0.400728    0.474583     1.07678     1.07071    0.975132           0     1.64829    0.972418    0.968894     0.89029    0.550366    0.615293
     0.37348     2.02749     1.28865     1.24273     1.10579     1.49177     0.96193     1.24273     1.10579    0.783554           0    0.632023    0.664962    0.919215    0.469975    0.797128     1.48477     0.82574    0.985101    0.729677      1.2111    0.857284    0.938071     1.48115           0    0.705145    0.941134           0     1.30747           0           0    0.661773     1.49224     0.75646    0.994035     1.03367     1.26933    0.813382     1.07204     1.91767    0.607882
       0.443     1.28047     1.81905     0.91974     1.48769       1.417     1.16386           0           0     2.06483     1.33226       1.367     1.60069    0.848539     1.49859    0.841462           0    0.901653       1.244     1.10653           0     1.15802     1.37788     1.00683     1.19093    0.908329    0.614308     2.53086           0    0.709964    0.928191           0     1.19971     1.15802     1.37788     1.30478     2.37383           0           0    0.439161     1.74603
     0.54637     1.40223     1.48318    0.809021     2.26085     1.33897     1.43071    0.479311           0     1.90433           0    0.895038     1.44585    0.924478     1.19833     1.66171     1.55479      1.9876           0     0.81754     1.08588           0     2.13718      1.1775           0    0.530891    0.765883     1.76476           0           0     1.40449     2.47458           0    0.955012           0           0           0     1.00077     1.84197           0           0
     0.63531     1.95433     2.19223     1.72705           0     1.13099           0     1.63272           0     2.83873     1.43449           0     1.45817    0.961619     1.17621     1.54656     1.69618     1.45392     1.57639     1.57158           0     2.27166     1.22698     1.41693           0     1.45392     1.57639           0           0     1.16871     1.06943           0     1.85682           0           0    0.924675     1.14763    0.999066           0    0.949117     1.48674
