RedBook Building (10 Storey 2D Frame) - EDP|IM Data for -EDP19 / Peak Horizontal Floor Acceleration / Floor9
   11   40           (41g12.7)
     0.02082  0.08517475  0.07168586   0.1012953    0.107621  0.05903703  0.06134651  0.03542515  0.03545734  0.02634098  0.03539113  0.09809258  0.04620981   0.1243451  0.07653744  0.02982169  0.03217166  0.02536646  0.02663303  0.02166119  0.05321208   0.0226592  0.02765744   0.2039406   0.1771577  0.01892011  0.01349671  0.04002543  0.03660706  0.01050405  0.01546906  0.04534322   0.0645737  0.02391784  0.02790823  0.08716682  0.04750199   0.1046142  0.06847001  0.03677857  0.05927768
     0.05283   0.1104717  0.06818272  0.08689174  0.07059722   0.1268117   0.1431208   0.1464587  0.07423076   0.1172793   0.1176955    0.165314   0.1676514   0.1856662   0.1557258  0.08432136  0.09107829  0.05450861  0.05143005   0.1192954   0.1218761   0.1047943   0.1095882  0.07736967  0.08405968  0.07067724  0.08282689   0.0766449   0.0731038  0.09640635  0.09315828   0.2256404   0.2118392  0.05637803  0.07645059  0.06828448   0.0742552   0.1167905   0.1472151   0.1455339   0.2012987
     0.08703  0.08558807  0.08614845    0.141461  0.06892706   0.1230907   0.1066142  0.08207087  0.07768654   0.1845359   0.1427673   0.1417543   0.1867954   0.1329735   0.1367128   0.1052215   0.1360632  0.09408417   0.0797788   0.1197727  0.08228596   0.1461662   0.1381182   0.1012941   0.1247719  0.07321932   0.1020205   0.1845359   0.1427673  0.07763374  0.08177908   0.1801863   0.1836814   0.1004118   0.1047643   0.1101899   0.1150938   0.1486228    0.142077   0.1764187   0.1499875
     0.14369   0.1696284   0.1552097   0.1493986   0.1702645   0.1423091   0.1729488   0.1262867  0.07660484   0.1186636   0.1093754    0.110762   0.1205278   0.1264266   0.1362791   0.1969378   0.1892599    0.104989   0.1692327   0.1459034   0.1547373  0.09003265   0.1020754   0.1883932   0.2395115    0.164014   0.1344343   0.2015793   0.1109218   0.2372286   0.2273802   0.1232006   0.1434442   0.1301827   0.1131284   0.1192992  0.09917752   0.1444373   0.1348451   0.2542971   0.1850668
     0.18869   0.1102926   0.1058741   0.1848838   0.2218907   0.1858616   0.3514439   0.1427752   0.1699488   0.1187887   0.1235268   0.2123512   0.1343833   0.2583675   0.1260507    0.225658   0.1367872   0.2650324   0.2262961   0.1061985   0.1104467   0.1173838   0.1191934   0.2439427   0.2296221   0.1404977   0.1728629   0.1020157   0.1130558   0.1607607   0.1641911        0.52    0.331357   0.2034628   0.2539865   0.1637181   0.1422495   0.1102951   0.1210986   0.1006668    0.105619
     0.23779   0.1717857    0.164526   0.1512599   0.1739913   0.1717857    0.164526    0.140867   0.1288208   0.2482821           0   0.2701121   0.2184179           0   0.1726167   0.5070275   0.4692612   0.1541435   0.1643145   0.1128094   0.1195996   0.3126269   0.2610392    0.163222   0.1552747   0.1301384   0.1138132   0.1833986   0.1739964   0.1512956   0.1575754   0.4677643   0.3852062   0.1300484   0.1238461   0.5452294   0.3365798   0.3091837   0.2128372   0.1441585   0.1404544
     0.31139   0.2082974   0.1756358   0.2276425   0.2527597   0.1256511   0.1121045   0.1758188     0.20237    0.150726           0    0.140722   0.1539055   0.1716644   0.2605415   0.1378642   0.1360635   0.2068081    1.252266   0.1709103           0           0           0   0.1394141   0.1873382   0.1954113   0.1970612   0.2944381    0.263723   0.1214111     0.12059   0.2076404   0.1585793   0.1851399           0   0.2077597   0.1610097   0.1233186   0.1446812   0.1865808   0.1444674
     0.37348   0.6547709   0.2034381    0.150157   0.1358863   0.1684146   0.2079187    0.150157   0.1358863     0.13821           0   0.2421162   0.2614847   0.1853851   0.2312604   0.2733453   0.3536101   0.1937579   0.2327125   0.1479523   0.1631786   0.2055048   0.2010298   0.2484462           0   0.1263216   0.1364952           0   0.1992546           0           0   0.1669126   0.1640313   0.1986246   0.2456822    0.217949   0.3481679   0.1953315   0.2230675   0.4521236   0.2249727
       0.443   0.2792966   0.1796274   0.1568216   0.1779001    0.239578    0.195932           0           0   0.2783198   0.2219738   0.3162477   0.3523076   0.2096302   0.2020691   0.2595851           0   0.1536287   0.1730657   0.2359136           0   0.1497095   0.2139827   0.2031557   0.2467913   0.1636182   0.1845923   0.7036458           0   0.1201032   0.1475859           0    0.381474   0.1497095   0.2139827   0.7883282    1.557661           0           0   0.2003581   0.2676695
     0.54637   0.2279195   0.2748708   0.2621272   0.3130844    0.237213   0.2001152   0.2506544           0   0.2763224           0    0.174605   0.1772796   0.1850173   0.1695652   0.2232877   0.2057852   0.1944337           0   0.1387561   0.2218453           0   0.3333331   0.3032765           0   0.1502477   0.1981544   0.2601437           0           0    0.285025   0.1808344           0   0.2033484           0           0           0   0.2457153   0.1968955           0           0
     0.63531   0.2731279    1.236808   0.2606812           0    0.212384           0   0.2441644           0    0.330449   0.2738733           0   0.3103917    0.252804   0.1488953   0.2453484   0.1818874   0.1679885   0.2582041   0.4397676           0   0.2276988   0.2160436   0.2584969           0   0.1679885   0.2582041           0           0   0.2352742   0.2262599           0   0.4765958           0           0   0.1362411   0.2295864   0.2795958           0   0.1537283   0.2058524
