 Ouput of Annual loss for IM =    1; lambda=0.060
 |--t(yrs)--|-- E[ALt] --|--EAL(/year)--|
---------------------------------------------------------------------------------
   1.000      6.5623E-04  6.5623E-04
   2.000      1.2742E-03  6.3712E-04
   3.000      1.8563E-03  6.1876E-04
   4.000      2.4044E-03  6.0110E-04
   5.000      2.9206E-03  5.8412E-04
   6.000      3.4067E-03  5.6779E-04
   7.000      3.8646E-03  5.5208E-04
   8.000      4.2958E-03  5.3697E-04
   9.000      4.7018E-03  5.2242E-04
   10.00      5.0842E-03  5.0842E-04
   11.00      5.4444E-03  4.9494E-04
   12.00      5.7836E-03  4.8196E-04
   13.00      6.1030E-03  4.6946E-04
   14.00      6.4038E-03  4.5741E-04
   15.00      6.6871E-03  4.4581E-04
   16.00      6.9539E-03  4.3462E-04
   17.00      7.2052E-03  4.2383E-04
   18.00      7.4418E-03  4.1343E-04
   19.00      7.6647E-03  4.0340E-04
   20.00      7.8745E-03  3.9373E-04
   21.00      8.0722E-03  3.8439E-04
   22.00      8.2583E-03  3.7538E-04
   23.00      8.4336E-03  3.6668E-04
   24.00      8.5987E-03  3.5828E-04
   25.00      8.7542E-03  3.5017E-04
   26.00      8.9006E-03  3.4233E-04
   27.00      9.0385E-03  3.3476E-04
   28.00      9.1684E-03  3.2744E-04
   29.00      9.2907E-03  3.2037E-04
   30.00      9.4059E-03  3.1353E-04
   31.00      9.5143E-03  3.0691E-04
   32.00      9.6165E-03  3.0052E-04
   33.00      9.7127E-03  2.9432E-04
   34.00      9.8033E-03  2.8833E-04
   35.00      9.8886E-03  2.8253E-04
   36.00      9.9690E-03  2.7692E-04
   37.00      1.0045E-02  2.7148E-04
   38.00      1.0116E-02  2.6621E-04
   39.00      1.0183E-02  2.6110E-04
   40.00      1.0246E-02  2.5616E-04
   41.00      1.0306E-02  2.5136E-04
   42.00      1.0362E-02  2.4671E-04
   43.00      1.0415E-02  2.4220E-04
   44.00      1.0464E-02  2.3783E-04
   45.00      1.0511E-02  2.3358E-04
   46.00      1.0555E-02  2.2946E-04
   47.00      1.0597E-02  2.2547E-04
   48.00      1.0636E-02  2.2158E-04
   49.00      1.0673E-02  2.1781E-04
   50.00      1.0708E-02  2.1415E-04
   51.00      1.0740E-02  2.1059E-04
   52.00      1.0771E-02  2.0713E-04
   53.00      1.0800E-02  2.0377E-04
   54.00      1.0827E-02  2.0050E-04
   55.00      1.0853E-02  1.9733E-04
   56.00      1.0877E-02  1.9423E-04
   57.00      1.0900E-02  1.9123E-04
   58.00      1.0921E-02  1.8830E-04
   59.00      1.0942E-02  1.8545E-04
   60.00      1.0961E-02  1.8268E-04
   61.00      1.0979E-02  1.7998E-04
   62.00      1.0995E-02  1.7735E-04
   63.00      1.1011E-02  1.7478E-04
   64.00      1.1026E-02  1.7229E-04
   65.00      1.1040E-02  1.6985E-04
   66.00      1.1054E-02  1.6748E-04
   67.00      1.1066E-02  1.6517E-04
   68.00      1.1078E-02  1.6291E-04
   69.00      1.1089E-02  1.6071E-04
   70.00      1.1100E-02  1.5857E-04
   71.00      1.1109E-02  1.5647E-04
   72.00      1.1119E-02  1.5443E-04
   73.00      1.1127E-02  1.5243E-04
   74.00      1.1136E-02  1.5048E-04
   75.00      1.1143E-02  1.4858E-04
   76.00      1.1151E-02  1.4672E-04
   77.00      1.1158E-02  1.4490E-04
   78.00      1.1164E-02  1.4313E-04
   79.00      1.1170E-02  1.4139E-04
   80.00      1.1176E-02  1.3970E-04
   81.00      1.1181E-02  1.3804E-04
   82.00      1.1186E-02  1.3642E-04
   83.00      1.1191E-02  1.3483E-04
   84.00      1.1196E-02  1.3328E-04
   85.00      1.1200E-02  1.3176E-04
   86.00      1.1204E-02  1.3028E-04
   87.00      1.1208E-02  1.2882E-04
   88.00      1.1211E-02  1.2740E-04
   89.00      1.1215E-02  1.2601E-04
   90.00      1.1218E-02  1.2464E-04
   91.00      1.1221E-02  1.2330E-04
   92.00      1.1223E-02  1.2199E-04
   93.00      1.1226E-02  1.2071E-04
   94.00      1.1229E-02  1.1945E-04
   95.00      1.1231E-02  1.1822E-04
   96.00      1.1233E-02  1.1701E-04
   97.00      1.1235E-02  1.1583E-04
   98.00      1.1237E-02  1.1466E-04
   99.00      1.1239E-02  1.1352E-04
   100.0      1.1241E-02  1.1241E-04

