 Ouput of Loss-IM (given no collapse) data for IM =    1
 |--  IM  --|--E[L|IM,NC]--|-- S[lnL|IM,NC] --|
---------------------------------------------------------------------------------
  1.0000E-03   0.000       0.000    
  2.6242E-02  3.1234E-07   3.411    
  5.1485E-02  1.1151E-04   2.399    
  7.6727E-02  1.2258E-03   1.836    
  0.1020      4.2789E-03   1.470    
  0.1272      8.9319E-03   1.247    
  0.1525      1.4380E-02   1.163    
  0.1777      2.0246E-02   1.191    
  0.2029      2.6711E-02   1.264    
  0.2282      3.4360E-02   1.331    
  0.2534      4.3815E-02   1.373    
  0.2787      5.5687E-02   1.390    
  0.3039      7.0450E-02   1.384    
  0.3292      8.8370E-02   1.363    
  0.3544      0.1095       1.331    
  0.3796      0.1338       1.293    
  0.4049      0.1611       1.251    
  0.4301      0.1908       1.208    
  0.4554      0.2227       1.164    
  0.4806      0.2563       1.120    
  0.5058      0.2912       1.078    
  0.5311      0.3268       1.037    
  0.5563      0.3627      0.9971    
  0.5816      0.3985      0.9593    
  0.6068      0.4340      0.9232    
  0.6321      0.4688      0.8890    
  0.6573      0.5027      0.8566    
  0.6825      0.5355      0.8259    
  0.7078      0.5669      0.7970    
  0.7330      0.5971      0.7696    
  0.7583      0.6258      0.7439    
  0.7835      0.6529      0.7197    
  0.8088      0.6786      0.6969    
  0.8340      0.7028      0.6755    
  0.8592      0.7254      0.6555    
  0.8845      0.7466      0.6368    
  0.9097      0.7664      0.6193    
  0.9350      0.7848      0.6029    
  0.9602      0.8019      0.5876    
  0.9855      0.8179      0.5733    
   1.011      0.8326      0.5600    
   1.036      0.8462      0.5477    
   1.061      0.8587      0.5362    
   1.086      0.8703      0.5256    
   1.112      0.8810      0.5157    
   1.137      0.8909      0.5065    
   1.162      0.8999      0.4980    
   1.187      0.9082      0.4902    
   1.213      0.9159      0.4829    
   1.238      0.9229      0.4762    
   1.263      0.9294      0.4701    
   1.288      0.9350      0.4645    
   1.314      0.9404      0.4592    
   1.339      0.9454      0.4544    
   1.364      0.9500      0.4500    
   1.389      0.9541      0.4459    
   1.415      0.9580      0.4421    
   1.440      0.9615      0.4386    
   1.465      0.9647      0.4355    
   1.490      0.9679      0.4324    
   1.516      0.9706      0.4298    
   1.541      0.9730      0.4273    
   1.566      0.9753      0.4251    
   1.591      0.9773      0.4230    
   1.617      0.9792      0.4211    
   1.642      0.9808      0.4194    
   1.667      0.9824      0.4178    
   1.692      0.9839      0.4163    
   1.717      0.9852      0.4150    
   1.743      0.9861      0.4138    
   1.768      0.9872      0.4127    
   1.793      0.9882      0.4117    
   1.818      0.9895      0.4107    
   1.844      0.9904      0.4094    
   1.869      0.9911      0.4090    
   1.894      0.9918      0.4083    
   1.919      0.9924      0.4076    
   1.945      0.9930      0.4070    
   1.970      0.9936      0.4065    
   1.995      0.9941      0.4060    
   2.020      0.9946      0.4055    
   2.046      0.9950      0.4051    
   2.071      0.9954      0.4047    
   2.096      0.9957      0.4043    
   2.121      0.9961      0.4039    
   2.147      0.9964      0.4036    
   2.172      0.9967      0.4033    
   2.197      0.9969      0.4030    
   2.222      0.9972      0.4028    
   2.248      0.9974      0.4026    
   2.273      0.9976      0.4024    
   2.298      0.9978      0.4022    
   2.323      0.9979      0.4021    
   2.349      0.9981      0.4019    
   2.374      0.9982      0.4018    
   2.399      0.9984      0.4016    
   2.424      0.9985      0.4015    
   2.450      0.9986      0.4014    
   2.475      0.9987      0.4013    
   2.500      0.9988      0.4012    

