 Ouput of EDP-IM data for EDP =    1
 |--  IM  --|--E[EDP|IM]--|--S[lnEDP|IM]--|
---------------------------------------------------------------------------------
  1.0000E-03  3.1623E-06  0.5000    
  2.6242E-02  4.2511E-04  0.5000    
  5.1485E-02  1.1682E-03  0.5000    
  7.6727E-02  2.1253E-03  0.5000    
  0.1020      3.2562E-03  0.5000    
  0.1272      4.5373E-03  0.5000    
  0.1525      5.9527E-03  0.5000    
  0.1777      7.4907E-03  0.5000    
  0.2029      9.1422E-03  0.5000    
  0.2282      1.0900E-02  0.5000    
  0.2534      1.2758E-02  0.5000    
  0.2787      1.4711E-02  0.5000    
  0.3039      1.6754E-02  0.5000    
  0.3292      1.8884E-02  0.5000    
  0.3544      2.1097E-02  0.5000    
  0.3796      2.3391E-02  0.5000    
  0.4049      2.5762E-02  0.5000    
  0.4301      2.8209E-02  0.5000    
  0.4554      3.0728E-02  0.5000    
  0.4806      3.3318E-02  0.5000    
  0.5058      3.5977E-02  0.5000    
  0.5311      3.8704E-02  0.5000    
  0.5563      4.1496E-02  0.5000    
  0.5816      4.4352E-02  0.5000    
  0.6068      4.7270E-02  0.5000    
  0.6321      5.0250E-02  0.5000    
  0.6573      5.3290E-02  0.5000    
  0.6825      5.6389E-02  0.5000    
  0.7078      5.9546E-02  0.5000    
  0.7330      6.2760E-02  0.5000    
  0.7583      6.6030E-02  0.5000    
  0.7835      6.9354E-02  0.5000    
  0.8088      7.2732E-02  0.5000    
  0.8340      7.6164E-02  0.5000    
  0.8592      7.9648E-02  0.5000    
  0.8845      8.3183E-02  0.5000    
  0.9097      8.6769E-02  0.5000    
  0.9350      9.0406E-02  0.5000    
  0.9602      9.4092E-02  0.5000    
  0.9855      9.7826E-02  0.5000    
   1.011      0.1016      0.5000    
   1.036      0.1054      0.5000    
   1.061      0.1093      0.5000    
   1.086      0.1132      0.5000    
   1.112      0.1172      0.5000    
   1.137      0.1212      0.5000    
   1.162      0.1253      0.5000    
   1.187      0.1294      0.5000    
   1.213      0.1335      0.5000    
   1.238      0.1377      0.5000    
   1.263      0.1420      0.5000    
   1.288      0.1462      0.5000    
   1.314      0.1506      0.5000    
   1.339      0.1549      0.5000    
   1.364      0.1593      0.5000    
   1.389      0.1638      0.5000    
   1.415      0.1682      0.5000    
   1.440      0.1728      0.5000    
   1.465      0.1773      0.5000    
   1.490      0.1819      0.5000    
   1.516      0.1866      0.5000    
   1.541      0.1913      0.5000    
   1.566      0.1960      0.5000    
   1.591      0.2007      0.5000    
   1.617      0.2055      0.5000    
   1.642      0.2104      0.5000    
   1.667      0.2152      0.5000    
   1.692      0.2201      0.5000    
   1.717      0.2251      0.5000    
   1.743      0.2301      0.5000    
   1.768      0.2351      0.5000    
   1.793      0.2401      0.5000    
   1.818      0.2452      0.5000    
   1.844      0.2503      0.5000    
   1.869      0.2555      0.5000    
   1.894      0.2607      0.5000    
   1.919      0.2659      0.5000    
   1.945      0.2712      0.5000    
   1.970      0.2765      0.5000    
   1.995      0.2818      0.5000    
   2.020      0.2872      0.5000    
   2.046      0.2926      0.5000    
   2.071      0.2980      0.5000    
   2.096      0.3035      0.5000    
   2.121      0.3090      0.5000    
   2.147      0.3145      0.5000    
   2.172      0.3201      0.5000    
   2.197      0.3257      0.5000    
   2.222      0.3313      0.5000    
   2.248      0.3370      0.5000    
   2.273      0.3426      0.5000    
   2.298      0.3484      0.5000    
   2.323      0.3541      0.5000    
   2.349      0.3599      0.5000    
   2.374      0.3657      0.5000    
   2.399      0.3716      0.5000    
   2.424      0.3775      0.5000    
   2.450      0.3834      0.5000    
   2.475      0.3893      0.5000    
   2.500      0.3953      0.5000    

