 Ouput of direct repair Loss-rate data for IM =    1
 |--  Loss  --|-- v[L] --|
---------------------------------------------------------------------------------
  1.0000E-04  4.7032E-02
  1.0995E-04  4.6169E-02
  1.2089E-04  4.5311E-02
  1.3293E-04  4.4457E-02
  1.4616E-04  4.3607E-02
  1.6070E-04  4.2762E-02
  1.7669E-04  4.1920E-02
  1.9428E-04  4.1083E-02
  2.1361E-04  4.0249E-02
  2.3487E-04  3.9419E-02
  2.5825E-04  3.8593E-02
  2.8395E-04  3.7770E-02
  3.1221E-04  3.6950E-02
  3.4328E-04  3.6134E-02
  3.7745E-04  3.5347E-02
  4.1501E-04  3.4511E-02
  4.5631E-04  3.3703E-02
  5.0172E-04  3.2858E-02
  5.5166E-04  3.2095E-02
  6.0656E-04  3.1295E-02
  6.6693E-04  3.0496E-02
  7.3330E-04  2.9699E-02
  8.0628E-04  2.8903E-02
  8.8652E-04  2.8108E-02
  9.7475E-04  2.7315E-02
  1.0718E-03  2.6522E-02
  1.1784E-03  2.5730E-02
  1.2957E-03  2.4939E-02
  1.4246E-03  2.4149E-02
  1.5664E-03  2.3361E-02
  1.7223E-03  2.2572E-02
  1.8937E-03  2.1784E-02
  2.0822E-03  2.0976E-02
  2.2894E-03  2.0215E-02
  2.5173E-03  1.9434E-02
  2.7678E-03  1.8656E-02
  3.0433E-03  1.7883E-02
  3.3461E-03  1.7115E-02
  3.6791E-03  1.6353E-02
  4.0453E-03  1.5599E-02
  4.4479E-03  1.4853E-02
  4.8906E-03  1.4118E-02
  5.3773E-03  1.3394E-02
  5.9124E-03  1.2683E-02
  6.5008E-03  1.1987E-02
  7.1478E-03  1.1306E-02
  7.8592E-03  1.0643E-02
  8.6413E-03  9.9990E-03
  9.5013E-03  9.3747E-03
  1.0447E-02  8.7710E-03
  1.1487E-02  8.1887E-03
  1.2630E-02  7.6314E-03
  1.3887E-02  7.0982E-03
  1.5269E-02  6.5903E-03
  1.6788E-02  6.1064E-03
  1.8459E-02  5.6478E-03
  2.0296E-02  5.2145E-03
  2.2316E-02  4.8068E-03
  2.4537E-02  4.4236E-03
  2.6979E-02  4.0647E-03
  2.9664E-02  3.7300E-03
  3.2616E-02  3.4184E-03
  3.5862E-02  3.1292E-03
  3.9431E-02  2.8613E-03
  4.3356E-02  2.6140E-03
  4.7671E-02  2.3857E-03
  5.2415E-02  2.1758E-03
  5.7631E-02  1.9831E-03
  6.3367E-02  1.8063E-03
  6.9673E-02  1.6466E-03
  7.6607E-02  1.4962E-03
  8.4231E-02  1.3607E-03
  9.2614E-02  1.2369E-03
  0.1018      1.1238E-03
  0.1120      1.0205E-03
  0.1231      9.2619E-04
  0.1354      8.3996E-04
  0.1488      7.6119E-04
  0.1636      6.8915E-04
  0.1799      6.2323E-04
  0.1978      5.6286E-04
  0.2175      5.0755E-04
  0.2392      4.5683E-04
  0.2630      4.1030E-04
  0.2892      3.6776E-04
  0.3179      3.2852E-04
  0.3496      2.9251E-04
  0.3844      2.5947E-04
  0.4226      2.2919E-04
  0.4647      2.0147E-04
  0.5109      1.7614E-04
  0.5618      1.5307E-04
  0.6177      1.3213E-04
  0.6791      1.1322E-04
  0.7467      9.6224E-05
  0.8210      8.1068E-05
  0.9028      6.7716E-05
  0.9926      5.6045E-05
   1.091      4.5935E-05
   1.200      3.7277E-05

