 Ouput of IM-Rate data for IM =    1
 |--  IM  --|-- v[IM] --|
---------------------------------------------------------------------------------
  1.0000E-03   2.915    
  1.0822E-03   2.782    
  1.1712E-03   2.653    
  1.2676E-03   2.529    
  1.3718E-03   2.408    
  1.4846E-03   2.291    
  1.6067E-03   2.178    
  1.7388E-03   2.070    
  1.8818E-03   1.964    
  2.0366E-03   1.863    
  2.2041E-03   1.765    
  2.3853E-03   1.671    
  2.5815E-03   1.581    
  2.7938E-03   1.494    
  3.0235E-03   1.410    
  3.2722E-03   1.330    
  3.5413E-03   1.253    
  3.8325E-03   1.179    
  4.1477E-03   1.108    
  4.4888E-03   1.041    
  4.8579E-03  0.9760    
  5.2575E-03  0.9144    
  5.6898E-03  0.8557    
  6.1577E-03  0.7997    
  6.6641E-03  0.7464    
  7.2122E-03  0.6958    
  7.8053E-03  0.6477    
  8.4472E-03  0.6021    
  9.1418E-03  0.5590    
  9.8936E-03  0.5181    
  1.0707E-02  0.4796    
  1.1588E-02  0.4432    
  1.2541E-02  0.4089    
  1.3572E-02  0.3766    
  1.4688E-02  0.3463    
  1.5896E-02  0.3179    
  1.7203E-02  0.2913    
  1.8618E-02  0.2664    
  2.0149E-02  0.2431    
  2.1806E-02  0.2215    
  2.3600E-02  0.2013    
  2.5540E-02  0.1826    
  2.7641E-02  0.1653    
  2.9914E-02  0.1493    
  3.2374E-02  0.1345    
  3.5036E-02  0.1209    
  3.7918E-02  0.1084    
  4.1036E-02  9.6884E-02
  4.4411E-02  8.6390E-02
  4.8063E-02  7.6816E-02
  5.2015E-02  6.8103E-02
  5.6293E-02  6.0196E-02
  6.0922E-02  5.3040E-02
  6.5932E-02  4.6581E-02
  7.1355E-02  4.0770E-02
  7.7223E-02  3.5558E-02
  8.3573E-02  3.0899E-02
  9.0446E-02  2.6747E-02
  9.7884E-02  2.3061E-02
  0.1059      1.9801E-02
  0.1146      1.6928E-02
  0.1241      1.4407E-02
  0.1343      1.2203E-02
  0.1453      1.0286E-02
  0.1573      8.6251E-03
  0.1702      7.1937E-03
  0.1842      5.9661E-03
  0.1993      4.9188E-03
  0.2157      4.0304E-03
  0.2335      3.2811E-03
  0.2527      2.6529E-03
  0.2735      2.1297E-03
  0.2960      1.6968E-03
  0.3203      1.3413E-03
  0.3466      1.0514E-03
  0.3751      8.1701E-04
  0.4060      6.2898E-04
  0.4394      4.7950E-04
  0.4755      3.6178E-04
  0.5146      2.6998E-04
  0.5569      1.9914E-04
  0.6027      1.4509E-04
  0.6523      1.0434E-04
  0.7060      7.3992E-05
  0.7640      5.1700E-05
  0.8268      3.5558E-05
  0.8948      2.4046E-05
  0.9684      1.5971E-05
   1.048      1.0404E-05
   1.134      6.6389E-06
   1.228      4.1430E-06
   1.328      2.5242E-06
   1.438      1.4987E-06
   1.556      8.6532E-07
   1.684      4.8476E-07
   1.822      2.6281E-07
   1.972      1.3749E-07
   2.134      6.9188E-08
   2.310      3.3371E-08
   2.500      1.5364E-08

